1  38.807
2  37.814
3  37.224
4  38.083
5  43.971
6  35.440
7  43.346
8  40.381
9  35.845
10  36.122
11  24.282
12  36.638
13  39.642
14  37.548
15  42.081
16  39.695
17  36.012
18  30.079
19  36.510
20  44.206
21  38.350
22  39.840
23  38.861
24  36.694
25  41.535
26  40.929
27  41.798
28  39.541
29  37.017
30  40.179
31  40.759
32  42.424
33  35.060
34  39.827
35  39.201
36  43.133
37  40.394
38  44.883
39  36.526
40  42.704
41  40.010
42  36.601
43  44.310
44  36.614
45  44.235
46  39.135
47  44.157
48  44.581
49  40.053
50  39.091
51  39.147
52  40.220
53  35.184
54  39.536
55  36.793
56  35.678
57  37.492
58  37.336
59  42.444
60  36.556
61  42.089
62  37.952
63  39.736
64  41.879
65  39.822
66  36.048
67  35.978
68  37.953
69  44.315
70  35.078
71  35.604
72  44.813
73  36.153
74  35.608
75  36.019
76  36.151
77  43.592
78  39.811
79  41.479
80  35.877
81  44.172
82  41.203
83  40.612
84  40.113
85  38.072
86  36.553
87  38.098
88  35.279
89  43.346
90  42.179
91  40.721
92  44.339
93  40.075
94  35.557
95  39.821
96  36.578
97  38.146
98  38.533
99  41.220
100  44.496
101  35.666
102  35.245
103  35.886
104  36.974
105  44.775
106  44.424
107  35.624
108  39.135
109  37.284
110  39.987
111  39.019
112  38.294
113  43.910
114  40.045
115  43.446
116  37.449
117  41.831
118  37.465
119  44.378
120  35.652
121  36.658
122  35.585
123  39.161
124  40.578
125  36.317
126  41.411
127  36.446
128  43.195
129  39.655
130  35.841
131  44.231
132  41.942
133  36.915
134  37.766
135  37.181
136  40.945
137  44.647
138  42.746
139  44.727
140  37.102
141  39.949
142  35.954
143  41.126
144  44.580
145  35.315
146  42.370
147  35.631
148  43.713
149  37.091
150  38.429
151  35.702
152  37.938
153  43.558
154  42.218
155  38.307
156  37.861
157  38.933
158  42.545
159  39.924
160  43.400
161  36.486
162  43.773
163  37.416
164  40.544
165  39.811
166  38.850
167  42.152
168  40.501
169  41.808
170  40.679
171  43.845
172  42.895
173  39.392
174  37.483
175  36.484
176  38.267
177  38.283
178  42.989
179  35.898
180  43.828
181  38.473
182  37.513
183  38.471
184  43.167
185  37.900
186  44.484
187  43.178
188  42.616
189  39.057
190  40.101
191  36.282
192  44.422
193  37.514
194  37.623
195  36.717
196  41.631
197  40.960
198  36.200
199  40.305
200  42.171
201  36.604
202  37.873
203  40.255
204  39.282
205  35.913
206  40.304
207  42.055
208  43.350
209  43.308
210  40.796
211  44.189
212  35.660
213  38.555
214  35.502
215  35.872
216  40.869
217  44.905
218  40.046
219  38.685
220  39.984
221  36.676
222  41.895
223  40.980
224  41.225
225  43.782
226  40.650
227  36.333
228  42.247
229  36.520
230  38.850
231  40.401
232  41.778
233  38.013
234  40.886
235  37.662
236  44.120
237  44.804
238  35.029
239  36.044
240  42.098
241  35.424
242  40.812
243  43.277
244  37.593
245  43.287
246  38.646
247  41.534
248  43.559
249  41.709
250  43.725
251  44.428
252  37.445
253  39.650
254  41.508
255  44.999
256  44.151
257  44.397
258  42.422
259  39.900
260  42.791
261  41.179
262  36.419
263  38.262
264  44.767
265  37.270
266  38.554
267  37.475
268  40.380
269  41.705
270  40.068
271  35.672
272  37.762
273  44.938
274  43.566
275  43.392
276  36.978
277  38.432
278  37.923
279  41.638
280  35.816
281  40.487
282  44.709
283  35.549
284  43.506
285  44.854
286  37.570
287  35.146
288  42.627
289  42.178
290  35.551
291  41.169
292  35.119
293  35.459
294  36.140
295  35.155
296  36.224
297  40.711
298  38.251
299  44.783
300  43.470
301  43.500
302  38.219
303  42.078
304  39.510
305  38.380
306  38.711
307  42.568
308  35.093
309  35.984
310  35.934
311  39.672
312  38.851
313  36.880
314  40.162
315  43.363
316  40.078
317  37.636
318  39.093
319  42.710
320  38.599
321  43.287
322  43.834
323  42.413
324  36.531
325  40.652
326  40.986
327  35.462
328  43.395
329  40.309
330  43.132
331  39.732
332  41.936
333  42.004
334  41.771
335  36.634
336  36.357
337  42.280
338  37.308
339  37.847
340  40.048
341  35.743
342  37.263
343  36.340
344  39.602
345  35.974
346  38.170
347  35.402
348  37.461
349  37.815
350  43.959
351  41.584
352  42.918
353  36.193
354  39.658
355  42.996
356  39.652
357  41.130
358  41.466
359  37.898
360  42.884
361  41.060
362  36.589
363  42.201
364  42.848
365  42.255
366  39.698
367  42.302
368  43.662
369  40.007
370  41.221
371  41.979
372  39.447
373  40.194
374  37.798
375  35.065
376  39.142
377  37.243
378  17.632
379  42.198
380  40.875
381  39.336
382  40.743
383  43.409
384  42.101
385  40.692
386  43.618
387  36.613
388  42.318
389  41.611
390  42.856
391  43.190
392  38.683
393  38.393
394  43.528
395  39.754
396  35.017
397  42.397
398  38.781
399  39.359
400  40.748
401  35.699
402  38.045
403  35.425
404  42.655
405  35.148
406  43.111
407  44.761
408  42.490
409  35.231
410  42.494
411  43.496
412  36.609
413  43.130
414  39.809
415  36.740
416  39.237
417  35.155
418  40.951
419  37.932
420  36.885
421  37.541
422  38.792
423  44.597
424  42.674
425  35.140
426  39.405
427  38.084
428  44.545
429  42.682
430  39.138
431  43.065
432  44.533
433  38.608
434  36.789
435  36.456
436  38.554
437  35.715
438  40.655
439  38.189
440  44.891
441  40.101
442  44.625
443  35.349
444  44.987
445  38.568
446  39.234
447  43.249
448  38.847
449  42.182
450  43.194
451  35.445
452  38.714
453  37.957
454  38.630
455  39.161
456  43.606
457  37.350
458  39.581
459  39.105
460  37.779
461  43.988
462  39.187
463  43.908
464  42.605
465  42.884
466  35.970
467  41.961
468  37.545
469  38.489
470  41.262
471  37.721
472  38.863
473  38.536
474  39.964
475  39.295
476  42.968
477  40.805
478  39.571
479  41.623
480  44.276
481  43.669
482  37.634
483  44.195
484  39.038
485  37.258
486  38.568
487  44.992
488  43.826
489  42.508
490  44.618
491  41.594
492  36.986
493  36.075
494  43.196
495  44.193
496  43.418
497  37.482
498  44.172
499  36.544
500  37.869
501  44.729
502  39.270
503  35.632
504  41.144
505  35.111
506  35.823
507  35.753
508  35.787
509  38.640
510  36.671
511  44.853
512  39.663
513  44.268
514  39.551
515  44.352
516  36.002
517  37.224
518  36.031
519  40.330
520  44.006
521  42.947
522  40.854
523  43.133
524  37.082
525  44.700
526  43.640
527  41.502
528  39.131
529  42.869
530  43.447
531  40.309
532  37.310
533  35.047
534  38.574
535  39.180
536  41.626
537  39.753
538  41.506
539  41.470
540  38.704
541  37.347
542  41.648
543  37.951
544  35.512
545  36.088
546  43.630
547  35.683
548  38.536
549  39.376
550  35.933
551  40.291
552  38.756
553  41.989
554  42.577
555  43.261
556  36.099
557  37.571
558  44.669
559  41.598
560  44.513
561  35.253
562  37.801
563  44.859
564  41.025
565  40.308
566  41.385
567  44.961
568  35.443
569  38.315
570  40.023
571  35.228
572  41.941
573  43.290
574  35.461
575  44.655
576  44.141
577  38.934
578  39.367
579  43.041
580  42.178
581  44.983
582  42.714
583  42.309
584  35.770
585  37.955
586  43.980
587  42.510
588  36.734
589  41.726
590  37.813
591  39.870
592  41.747
593  38.828
594  35.057
595  44.649
596  35.045
597  43.700
598  40.403
599  44.173
600  44.539
601  38.002
602  40.532
603  42.221
604  41.737
605  44.346
606  41.206
607  36.273
608  39.996
609  40.465
610  43.784
611  38.555
612  40.963
613  43.666
614  36.627
615  41.892
616  43.455
617  42.984
618  37.640
619  41.545
620  41.144
621  35.513
622  43.333
623  37.325
624  36.253
625  39.600
626  38.794
627  44.130
628  38.811
629  44.283
630  41.577
631  42.589
632  36.011
633  35.695
634  40.451
635  43.179
636  42.413
637  42.657
638  36.413
639  39.876
640  42.484
641  40.578
642  40.293
643  42.319
644  44.385
645  44.434
646  39.767
647  36.707
648  36.383
649  40.836
650  43.163
651  43.638
652  36.370
653  39.725
654  36.438
655  35.645
656  40.705
657  39.383
658  44.168
659  36.456
660  41.664
661  42.170
662  43.195
663  42.639
664  36.133
665  44.382
666  36.073
667  44.217
668  36.812
669  36.058
670  40.158
671  35.089
672  35.588
673  38.079
674  37.591
675  44.797
676  39.634
677  39.733
678  40.299
679  42.194
680  35.053
681  44.464
682  36.270
683  43.771
684  39.508
685  39.376
686  38.899
687  40.769
688  41.032
689  43.337
690  40.696
691  38.030
692  36.681
693  38.444
694  37.180
695  39.537
696  44.144
697  36.905
698  43.627
699  43.412
700  36.992
701  36.402
702  39.674
703  40.785
704  42.309
705  44.041
706  37.406
707  35.288
708  39.461
709  44.304
710  44.943
711  40.479
712  36.414
713  44.331
714  41.214
715  42.445
716  40.739
717  36.476
718  39.468
719  37.882
720  37.884
721  43.803
722  40.202
723  35.210
724  40.262
725  43.473
726  43.754
727  37.645
728  43.483
729  37.334
730  38.370
731  39.574
732  41.556
733  40.921
734  39.924
735  37.148
736  35.168
737  41.847
738  37.479
739  36.226
740  41.583
741  41.109
742  38.517
743  39.580
744  42.840
745  43.341
746  40.459
747  40.294
748  41.686
749  44.368
750  39.944
751  38.639
752  35.486
753  36.543
754  38.942
755  38.266
756  38.171
757  39.710
758  35.422
759  43.743
760  39.433
761  41.818
762  39.163
763  39.938
764  41.454
765  39.019
766  42.946
767  39.897
768  35.527
769  40.470
770  17.036
771  43.425
772  35.588
773  36.844
774  43.533
775  43.966
776  37.880
777  37.734
778  42.030
779  39.287
780  35.023
781  43.188
782  37.824
783  38.158
784  41.483
785  44.329
786  39.558
787  35.655
788  36.692
789  44.785
790  43.432
791  36.443
792  41.122
793  40.100
794  36.637
795  37.292
796  35.183
797  43.745
798  41.179
799  39.198
800  38.941
801  38.401
802  37.226
803  39.710
804  40.662
805  37.390
806  44.791
807  38.550
808  42.028
809  42.126
810  41.367
811  43.216
812  35.844
813  38.215
814  36.437
815  36.874
816  40.692
817  39.972
818  44.864
819  36.424
820  37.464
821  39.347
822  44.840
823  42.330
824  36.682
825  39.940
826  38.071
827  37.710
828  43.970
829  40.743
830  42.838
831  44.095
832  38.845
833  44.354
834  41.173
835  40.313
836  42.286
837  36.470
838  38.074
839  38.058
840  43.905
841  41.532
842  39.197
843  38.623
844  35.473
845  42.780
846  43.142
847  36.024
848  35.795
849  36.821
850  44.897
851  38.203
852  38.988
853  38.207
854  39.263
855  35.746
856  42.994
857  42.945
858  38.634
859  36.591
860  37.265
861  39.849
862  42.111
863  37.542
864  36.713
865  41.011
866  37.921
867  42.034
868  42.346
869  35.410
870  35.632
871  42.848
872  44.147
873  44.328
874  41.582
875  44.321
876  41.053
877  44.544
878  41.937
879  44.466
880  36.476
881  42.902
882  44.586
883  39.725
884  35.732
885  39.460
886  41.378
887  36.591
888  37.083
889  39.542
890  44.970
891  43.364
892  41.347
893  36.953
894  44.680
895  38.246
896  38.550
897  39.736
898  44.080
899  44.017
900  40.802
901  44.560
902  44.297
903  40.238
904  44.645
905  41.228
906  36.333
907  36.356
908  39.087
909  36.098
910  39.632
911  38.611
912  37.675
913  37.284
914  41.564
915  35.231
916  41.775
917  37.487
918  39.918
919  40.257
920  37.750
921  37.969
922  41.179
923  44.851
924  39.746
925  42.318
926  43.418
927  41.033
928  42.994
929  42.212
930  35.938
931  35.548
932  36.652
933  40.889
934  37.935
935  37.646
936  35.633
937  40.102
938  43.718
939  39.048
940  39.899
941  44.570
942  40.221
943  39.338
944  40.312
945  42.812
946  40.269
947  40.455
948  41.433
949  36.233
950  42.824
951  43.294
952  38.253
953  36.875
954  44.158
955  38.700
956  36.422
957  42.858
958  42.353
959  40.041
960  41.864
961  39.404
962  39.632
963  40.403
964  39.521
965  40.183
966  37.529
967  41.922
968  35.931
969  42.513
970  38.237
971  44.288
972  40.320
973  42.470
974  40.729
975  40.040
976  41.837
977  39.060
978  38.264
979  38.999
980  41.044
981  41.357
982  37.182
983  37.609
984  42.941
985  36.921
986  43.418
987  43.556
988  37.973
989  35.556
990  39.823
991  44.476
992  37.113
993  37.847
994  41.933
995  42.274
996  43.374
997  35.050
998  17.652
999  35.822
1000  35.673
1001  40.676
1002  44.404
1003  36.101
1004  44.916
1005  36.798
1006  42.241
1007  43.073
1008  37.199
1009  41.143
1010  40.613
1011  19.898
1012  35.861
1013  40.601
1014  36.814
1015  35.911
1016  36.950
1017  35.769
1018  36.829
1019  40.354
1020  39.218
1021  42.094
1022  44.044
1023  35.145
1024  36.772
1025  39.532
1026  37.067
1027  40.738
1028  36.260
1029  40.165
1030  39.725
1031  35.974
1032  41.850
1033  38.803
1034  40.589
1035  37.973
1036  36.676
1037  37.751
1038  38.122
1039  37.635
1040  44.654
1041  42.890
1042  36.547
1043  36.201
1044  37.257
1045  37.068
1046  44.889
1047  42.405
1048  40.747
1049  37.473
1050  38.882
1051  42.113
1052  38.074
1053  40.195
1054  36.026
1055  38.493
1056  38.194
1057  43.098
1058  35.104
1059  43.548
1060  41.127
1061  43.069
1062  37.070
1063  39.966
1064  42.440
1065  37.643
1066  35.736
1067  36.393
1068  36.759
1069  43.780
1070  37.865
1071  42.953
1072  43.592
1073  44.275
1074  42.911
1075  42.329
1076  39.875
1077  38.158
1078  39.280
1079  40.708
1080  44.050
1081  38.058
1082  43.761
1083  41.097
1084  36.783
1085  35.257
1086  43.982
1087  42.930
1088  20.455
1089  42.163
1090  38.310
1091  39.539
1092  35.561
1093  39.013
1094  36.586
1095  39.754
1096  43.435
1097  40.494
1098  38.455
1099  37.848
1100  38.803
1101  44.989
1102  42.868
1103  43.648
1104  41.742
1105  42.096
1106  39.841
1107  38.927
1108  44.260
1109  44.462
1110  40.347
1111  37.763
1112  36.000
1113  38.795
1114  40.480
1115  40.477
1116  35.023
1117  38.885
1118  38.470
1119  36.944
1120  43.297
1121  29.428
1122  35.915
1123  42.563
1124  39.520
1125  37.821
1126  43.867
1127  42.720
1128  44.932
1129  39.144
1130  39.805
1131  44.762
1132  36.514
1133  43.213
1134  37.411
1135  40.115
1136  44.710
1137  36.661
1138  41.763
1139  39.514
1140  36.591
1141  35.837
1142  40.013
1143  42.556
1144  37.617
1145  44.620
1146  37.011
1147  41.522
1148  38.190
1149  42.637
1150  38.032
1151  41.220
1152  41.081
1153  44.545
1154  37.939
1155  40.993
1156  41.448
1157  37.321
1158  39.742
1159  40.915
1160  41.054
1161  36.894
1162  42.450
1163  44.066
1164  37.633
1165  40.279
1166  36.359
1167  42.298
1168  35.563
1169  42.456
1170  40.590
1171  36.113
1172  41.175
1173  35.087
1174  44.483
1175  44.203
1176  37.011
1177  43.023
1178  39.980
1179  42.186
1180  41.804
1181  36.380
1182  44.768
1183  43.865
1184  41.332
1185  37.135
1186  36.503
1187  38.362
1188  44.499
1189  35.466
1190  44.749
1191  43.480
1192  43.140
1193  40.080
1194  41.697
1195  43.901
1196  43.543
1197  41.269
1198  42.990
1199  44.885
1200  44.321
1201  35.183
1202  41.091
1203  42.112
1204  38.389
1205  35.021
1206  36.737
1207  36.733
1208  41.667
1209  36.481
1210  39.726
1211  43.411
1212  41.345
1213  40.849
1214  42.071
1215  44.514
1216  39.971
1217  36.984
1218  35.170