1  42.830
2  42.428
3  38.167
4  44.936
5  44.048
6  42.670
7  41.015
8  38.280
9  39.293
10  22.230
11  39.303
12  38.233
13  41.326
14  43.734
15  39.330
16  41.092
17  44.919
18  38.278
19  43.981
20  44.496
21  40.614
22  41.536
23  37.893
24  41.604
25  41.857
26  40.068
27  38.369
28  38.835
29  35.404
30  40.613
31  41.759
32  36.955
33  41.951
34  41.857
35  44.395
36  42.932
37  42.958
38  41.329
39  39.729
40  40.844
41  38.338
42  36.290
43  39.940
44  44.913
45  41.942
46  35.571
47  36.796
48  38.545
49  42.271
50  41.851
51  35.394
52  36.697
53  44.256
54  35.648
55  43.402
56  38.716
57  36.641
58  41.497
59  43.315
60  36.566
61  37.935
62  38.440
63  35.823
64  42.363
65  38.785
66  38.699
67  41.987
68  36.569
69  35.302
70  40.596
71  35.990
72  43.512
73  38.629
74  41.245
75  40.660
76  35.570
77  35.460
78  43.277
79  43.325
80  35.212
81  35.116
82  37.806
83  37.701
84  38.100
85  38.952
86  43.666
87  39.157
88  42.132
89  36.971
90  41.825
91  39.094
92  44.081
93  36.224
94  41.355
95  37.392
96  40.711
97  43.642
98  41.488
99  43.660
100  37.117
101  42.063
102  38.392
103  39.754
104  37.550
105  39.138
106  39.049
107  42.501
108  39.401
109  38.004
110  42.158
111  38.327
112  36.691
113  38.042
114  44.372
115  37.170
116  36.958
117  41.236
118  35.385
119  43.234
120  38.512
121  41.737
122  43.407
123  35.590
124  39.255
125  40.376
126  40.503
127  41.835
128  41.634
129  36.402
130  35.219
131  41.308
132  39.023
133  40.415
134  40.760
135  44.814
136  42.017
137  38.089
138  36.393
139  35.580
140  41.983
141  40.397
142  35.231
143  38.755
144  36.521
145  39.527
146  37.731
147  37.252
148  42.266
149  43.281
150  36.647
151  42.544
152  38.544
153  35.897
154  43.228
155  35.101
156  40.005
157  37.331
158  42.096
159  41.951
160  42.604
161  35.472
162  40.909
163  40.414
164  35.523
165  40.453
166  36.769
167  43.553
168  38.742
169  41.594
170  37.627
171  41.778
172  43.353
173  38.151
174  44.467
175  35.054
176  41.289
177  39.763
178  44.707
179  44.691
180  44.300
181  36.573
182  42.803
183  44.941
184  35.046
185  35.057
186  41.364
187  44.553
188  41.422
189  38.348
190  41.410
191  40.598
192  37.868
193  41.131
194  43.293
195  43.737
196  43.157
197  44.866
198  37.984
199  36.621
200  39.019
201  41.355
202  40.682
203  37.998
204  36.952
205  39.781
206  44.411
207  42.005
208  41.128
209  39.210
210  44.340
211  37.174
212  39.323
213  36.868
214  41.660
215  39.109
216  39.298
217  44.258
218  42.354
219  44.935
220  41.417
221  39.880
222  41.570
223  43.955
224  35.022
225  41.800
226  36.729
227  40.422
228  44.259
229  30.350
230  36.329
231  37.443
232  37.030
233  38.355
234  40.479
235  38.300
236  43.049
237  44.644
238  42.972
239  40.050
240  38.647
241  37.302
242  39.446
243  39.604
244  44.671
245  37.446
246  42.601
247  35.572
248  39.629
249  39.316
250  44.575
251  39.063
252  44.674
253  35.806
254  39.023
255  38.225
256  39.054
257  43.585
258  44.913
259  39.441
260  35.528
261  43.976
262  42.638
263  44.306
264  36.339
265  39.534
266  41.473
267  42.172
268  40.012
269  36.400
270  37.704
271  43.914
272  38.549
273  38.911
274  37.909
275  36.230
276  42.719
277  44.183
278  42.543
279  38.829
280  37.995
281  38.206
282  43.471
283  43.112
284  36.349
285  37.149
286  42.456
287  40.155
288  36.401
289  37.456
290  39.503
291  44.327
292  40.674
293  40.250
294  37.071
295  42.167
296  40.026
297  40.706
298  39.849
299  44.557
300  37.957
301  36.654
302  38.277
303  40.299
304  38.599
305  40.924
306  38.836
307  44.095
308  38.005
309  44.571
310  36.986
311  44.693
312  42.447
313  37.882
314  42.359
315  44.807
316  36.339
317  38.035
318  44.250
319  44.358
320  39.838
321  35.321
322  35.651
323  36.740
324  35.946
325  43.875
326  35.082
327  39.379
328  39.856
329  41.762
330  36.208
331  39.172
332  43.923
333  39.292
334  35.200
335  40.699
336  41.300
337  42.316
338  42.642
339  36.379
340  35.925
341  44.344
342  36.448
343  43.735
344  43.631
345  41.555
346  44.396
347  39.981
348  41.135
349  36.360
350  41.115
351  41.944
352  42.160
353  35.926
354  44.586
355  35.890
356  35.229
357  35.019
358  44.809
359  43.765
360  44.866
361  44.954
362  44.780
363  44.697
364  43.774
365  42.484
366  37.164
367  42.644
368  36.376
369  44.039
370  43.471
371  41.999
372  40.471
373  44.749
374  42.127
375  37.646
376  35.062
377  43.283
378  35.694
379  44.014
380  40.116
381  40.203
382  39.627
383  41.455
384  18.572
385  39.971
386  40.794
387  39.732
388  41.460
389  40.260
390  44.646
391  36.028
392  36.949
393  37.209
394  35.607
395  36.038
396  43.844
397  37.539
398  37.375
399  43.714
400  36.162
401  41.479
402  42.465
403  43.305
404  41.296
405  43.878
406  42.917
407  43.494
408  36.249
409  35.234
410  36.112
411  41.908
412  43.628
413  40.706
414  39.548
415  39.060
416  40.038
417  42.901
418  40.856
419  36.181
420  42.761
421  42.318
422  43.194
423  38.672
424  40.202
425  42.919
426  40.119
427  42.019
428  42.477
429  37.637
430  37.770
431  40.858
432  39.005
433  35.322
434  42.738
435  40.658
436  36.285
437  39.165
438  38.335
439  37.870
440  37.395
441  42.498
442  40.196
443  44.462
444  40.743
445  38.259
446  38.085
447  41.760
448  40.583
449  39.297
450  36.523
451  36.315
452  36.355
453  39.357
454  42.496
455  39.085
456  43.203
457  42.791
458  42.276
459  41.745
460  44.872
461  35.969
462  37.744
463  44.922
464  44.201
465  36.039
466  44.547
467  37.855
468  44.177
469  42.412
470  44.942
471  42.544
472  35.790
473  37.162
474  37.038
475  37.174
476  36.019
477  36.025
478  35.061
479  36.866
480  42.426
481  39.854
482  39.898
483  42.248
484  42.392
485  40.096
486  39.943
487  43.602
488  36.167
489  44.313
490  37.105
491  38.926
492  42.643
493  35.908
494  38.973
495  38.111
496  36.458
497  44.474
498  42.816
499  43.328
500  35.966
501  39.228
502  35.501
503  36.967
504  40.090
505  38.413
506  41.952
507  37.476
508  42.702
509  36.536
510  39.179
511  38.810
512  39.446
513  43.110
514  44.183
515  44.515
516  40.939
517  38.459
518  36.615
519  36.869
520  43.820
521  41.841
522  41.479
523  41.259
524  37.812
525  40.795
526  14.647
527  39.819
528  41.438
529  38.374
530  38.603
531  35.306
532  40.733
533  37.297
534  36.600
535  40.647
536  42.956
537  40.873
538  41.897
539  36.343
540  44.484
541  41.389
542  39.549
543  38.227
544  38.916
545  43.147
546  38.621
547  42.732
548  41.690
549  39.611
550  39.681
551  35.147
552  37.527
553  39.939
554  42.367
555  44.945
556  38.425
557  36.122
558  42.865
559  41.146
560  41.489
561  36.735
562  43.746
563  40.476
564  42.976
565  37.553
566  37.163
567  36.828
568  35.379
569  41.681
570  36.642
571  38.946
572  41.693
573  38.223
574  44.527
575  43.556
576  43.496
577  38.746
578  36.037
579  40.613
580  37.490
581  39.394
582  40.108
583  42.523
584  35.631
585  37.738
586  37.139
587  35.543
588  38.424
589  38.839
590  39.307
591  44.877
592  44.248
593  42.920
594  40.450
595  41.799
596  37.916
597  43.773
598  38.419
599  36.135
600  40.218
601  44.073
602  35.747
603  37.289
604  40.613
605  42.367
606  39.645
607  39.431
608  36.267
609  36.677
610  44.821
611  41.981
612  38.454
613  40.756
614  42.385
615  37.592
616  37.874
617  39.608
618  39.102
619  40.228
620  43.299
621  42.912
622  44.521
623  36.991
624  42.902
625  40.118
626  37.650
627  44.044
628  36.800
629  37.111
630  37.415
631  43.205
632  35.856
633  42.919
634  41.269
635  38.118
636  40.303
637  36.965
638  35.525
639  38.190
640  41.254
641  41.293
642  42.338
643  36.264
644  39.302
645  38.238
646  36.048
647  41.374
648  44.336
649  40.947
650  43.983
651  39.934
652  43.725
653  36.161
654  36.280
655  35.529
656  38.598
657  35.564
658  40.078
659  43.178
660  36.063
661  38.589
662  42.346
663  42.749
664  38.136
665  42.473
666  43.196
667  38.424
668  37.076
669  44.916
670  39.765
671  42.489
672  42.186
673  12.453
674  37.230
675  42.480
676  36.637
677  42.742
678  41.787
679  42.241
680  37.461
681  42.034
682  40.685
683  39.506
684  38.118
685  38.678
686  44.988
687  44.012
688  43.383
689  42.212
690  37.452
691  37.865
692  40.848
693  35.049
694  36.378
695  38.780
696  36.453
697  41.316
698  38.187
699  40.540
700  36.176
701  39.463
702  35.903
703  39.976
704  43.681
705  42.696
706  37.800
707  40.126
708  36.059
709  37.818
710  40.996
711  37.750
712  42.790
713  41.757
714  41.906
715  37.865
716  41.525
717  43.567
718  41.778
719  42.237
720  39.465
721  40.606
722  39.994
723  36.717
724  35.650
725  41.936
726  43.935
727  36.786
728  44.544
729  37.742
730  35.940
731  40.433
732  41.614
733  38.424
734  36.137
735  37.516
736  38.914
737  41.069
738  37.819
739  44.503
740  42.405
741  35.863
742  40.332
743  38.402
744  40.524
745  39.334
746  42.237
747  38.997
748  43.936
749  41.333
750  38.840
751  35.480
752  44.177
753  41.508
754  37.699
755  43.686
756  40.561
757  36.056
758  41.656
759  37.092
760  44.905
761  37.237
762  40.364
763  41.860
764  39.077
765  42.005
766  37.449
767  44.486
768  37.309
769  41.529
770  43.075
771  39.832
772  39.685
773  41.998
774  35.792
775  42.188
776  37.426
777  43.333
778  44.193
779  43.147
780  36.290
781  38.377
782  40.394
783  38.739
784  44.960
785  42.530
786  35.191
787  35.771
788  39.232
789  35.329
790  31.174
791  41.331
792  35.018
793  44.452
794  37.644
795  36.704
796  40.464
797  43.279
798  38.439
799  40.108
800  39.297
801  40.009
802  43.385
803  41.169
804  39.814
805  43.074
806  38.551
807  44.051
808  35.195
809  43.412
810  42.330
811  44.367
812  38.448
813  37.297
814  39.838
815  43.816
816  35.031
817  40.541
818  41.082
819  39.584
820  35.780
821  38.221
822  44.928
823  41.078
824  41.762
825  37.455
826  35.672
827  36.838
828  36.665
829  37.985
830  36.868
831  44.133
832  44.029
833  44.385
834  38.932
835  43.891
836  41.883
837  41.307
838  37.458
839  35.970
840  43.987
841  41.295
842  35.783
843  39.772
844  35.269
845  35.544
846  35.768
847  42.086
848  37.584
849  42.134
850  42.668
851  38.799
852  38.684
853  35.085
854  37.740
855  42.683
856  42.465
857  42.014
858  41.541
859  40.518
860  44.109
861  36.930
862  41.346
863  41.187
864  43.282
865  35.057
866  41.234
867  43.529
868  36.484
869  41.806
870  37.546
871  44.720
872  37.861
873  37.414
874  37.322
875  42.165
876  43.936
877  36.037
878  37.894
879  40.813
880  37.992
881  40.337
882  44.295
883  25.410
884  39.538
885  35.284
886  42.526
887  41.474
888  40.716
889  37.118
890  38.446
891  37.038
892  37.407
893  40.953
894  42.887
895  41.835
896  41.032
897  35.586
898  36.926
899  35.583
900  35.231
901  35.758
902  36.768
903  44.854
904  43.019
905  37.699
906  42.097
907  41.751
908  36.187
909  42.146
910  38.979
911  38.165
912  43.408
913  41.475
914  44.351
915  36.724
916  44.794
917  36.665
918  36.294
919  42.174
920  41.090
921  44.989
922  42.276
923  44.670
924  39.872
925  35.863
926  37.657
927  43.457
928  42.670
929  36.121
930  35.903
931  44.012
932  39.088
933  35.323
934  37.825
935  44.119
936  40.377
937  43.320
938  37.899
939  39.946
940  44.331
941  42.203
942  41.095
943  36.383
944  36.656
945  39.930
946  40.681
947  42.899
948  38.791
949  35.856
950  44.891
951  35.363
952  41.070
953  38.200
954  42.358
955  41.925
956  41.464
957  35.311
958  40.528
959  40.962
960  39.352
961  41.714
962  41.155
963  42.128
964  40.691
965  40.511
966  37.711
967  40.914
968  41.499
969  39.362
970  40.180
971  43.806
972  39.641
973  41.205
974  44.922
975  42.766
976  35.071
977  44.982
978  42.582
979  42.983
980  36.813
981  41.349
982  44.548
983  36.465
984  43.826
985  39.357
986  41.507
987  35.276
988  36.255
989  44.971
990  43.134
991  40.419
992  38.396
993  42.587
994  41.936
995  37.582
996  37.674
997  38.538
998  37.905
999  41.387
1000  42.797
1001  35.047
1002  35.104
1003  37.499
1004  35.591
1005  43.798
1006  37.631
1007  43.026
1008  36.299
1009  37.336
1010  37.264
1011  40.474
1012  40.997
1013  37.031
1014  39.406
1015  44.464
1016  42.671
1017  42.509
1018  36.531
1019  36.679
1020  35.958
1021  37.606
1022  43.467
1023  44.248
1024  41.168
1025  40.313
1026  35.379
1027  41.053
1028  37.282
1029  43.001
1030  43.285
1031  44.479
1032  39.889
1033  37.175
1034  36.768
1035  41.412
1036  36.690
1037  44.610
1038  42.824
1039  36.689
1040  35.714
1041  38.876
1042  42.132
1043  36.590
1044  41.552
1045  39.875
1046  40.264
1047  36.780
1048  44.123
1049  40.899
1050  38.262
1051  42.808
1052  36.889
1053  37.573
1054  44.092
1055  42.852
1056  35.637
1057  43.940
1058  43.064
1059  35.625
1060  36.312
1061  42.340
1062  41.499
1063  38.860
1064  44.533
1065  38.828
1066  39.381
1067  40.931
1068  42.128
1069  41.256
1070  37.274
1071  41.056
1072  44.318
1073  42.852
1074  41.155
1075  43.950
1076  29.546
1077  40.878
1078  38.463
1079  37.174
1080  37.568
1081  35.768
1082  39.323
1083  44.166
1084  38.523
1085  38.017
1086  35.066
1087  42.520
1088  44.496
1089  37.999
1090  43.763
1091  41.055
1092  40.790
1093  41.812
1094  44.519
1095  36.504
1096  36.938
1097  38.979
1098  39.787
1099  37.403
1100  44.497
1101  41.967
1102  43.424
1103  39.183
1104  41.411
1105  40.247
1106  37.310
1107  37.288
1108  37.937
1109  40.591
1110  40.348
1111  25.352
1112  35.850
1113  44.836
1114  39.619
1115  36.203
1116  40.366
1117  38.078
1118  39.894
1119  39.003
1120  35.708
1121  42.449
1122  41.964
1123  36.298
1124  37.631
1125  36.311
1126  42.031
1127  35.872
1128  41.774
1129  39.747
1130  35.566
1131  42.881
1132  43.311
1133  42.359
1134  38.729
1135  37.414
1136  40.177
1137  35.229
1138  43.451
1139  42.228
1140  39.898
1141  44.002
1142  44.057
1143  14.044
1144  44.776
1145  42.665
1146  44.929
1147  39.762
1148  36.238
1149  35.712
1150  38.769
1151  38.797
1152  35.447
1153  39.937
1154  44.078
1155  39.229
1156  39.265
1157  41.656
1158  40.783
1159  44.954
1160  36.194
1161  44.419
1162  40.471
1163  43.889
1164  35.227
1165  42.108
1166  38.742
1167  41.888
1168  35.353
1169  37.346
1170  43.941
1171  36.511
1172  37.136
1173  43.490
1174  41.156
1175  35.721
1176  37.791
1177  37.389
1178  40.903
1179  41.218
1180  40.737
1181  36.676
1182  42.817
1183  36.533
1184  42.177
1185  36.401
1186  40.138
1187  36.903
1188  35.774
1189  44.285
1190  40.016
1191  36.860
1192  38.748
1193  40.765
1194  43.813
1195  37.065
1196  38.666
1197  38.980
1198  36.689
1199  38.289
1200  42.994
1201  39.453
1202  36.968
1203  39.988
1204  39.407
1205  38.365
1206  44.075
1207  44.874
1208  43.976
1209  37.498
1210  43.387
1211  36.341
1212  42.473
1213  38.832
1214  42.427
1215  41.024
1216  41.737
1217  40.033
1218  41.993
1219  37.747
1220  35.108
1221  37.371
1222  35.484
1223  39.335
1224  37.891
1225  40.343
1226  39.182
1227  43.919
1228  36.202
1229  42.099
1230  44.254
1231  42.281
1232  42.025
1233  44.210
1234  36.232
1235  42.660
1236  44.921
1237  38.842
1238  44.453
1239  43.294
1240  42.462
1241  36.148
1242  36.992
1243  41.957
1244  37.155
1245  39.406
1246  43.765
1247  44.595
1248  36.073
1249  38.009
1250  39.217
1251  40.646
1252  41.880
1253  43.818
1254  37.540
1255  40.887
1256  40.470
1257  39.223
1258  37.626
1259  39.186
1260  35.004
1261  39.575
1262  42.866
1263  37.139
1264  38.247
1265  36.365
1266  41.074
1267  43.443
1268  40.011
1269  39.713
1270  37.403
1271  38.304
1272  39.564
1273  42.024
1274  37.424
1275  44.589
1276  35.720
1277  44.544
1278  37.487
1279  39.917
1280  43.486
1281  40.192
1282  42.068
1283  40.151
1284  44.616
1285  40.119
1286  35.998
1287  42.912
1288  44.525
1289  40.170
1290  44.922
1291  38.274
1292  40.847
1293  38.499
1294  42.169
1295  35.894
1296  43.832
1297  44.832
1298  43.837
1299  37.402
1300  38.009
1301  37.327
1302  43.580
1303  42.508
1304  40.541
1305  36.357
1306  37.298
1307  43.999
1308  42.656
1309  36.885
1310  44.321
1311  39.531
1312  39.438
1313  41.967
1314  39.186
1315  40.670
1316  40.267
1317  38.110
1318  37.299
1319  39.409
1320  44.968
1321  37.950
1322  43.789
1323  42.983
1324  36.511
1325  39.651
1326  43.119
1327  40.710
1328  35.188
1329  40.701
1330  41.374
1331  42.491
1332  35.454
1333  43.885
1334  35.975
1335  43.651
1336  42.084
1337  41.609
1338  37.315
1339  35.573
1340  39.215
1341  36.147
1342  35.057
1343  35.386
1344  33.599
1345  39.817
1346  37.346
1347  40.824
1348  41.320
1349  44.539
1350  35.654
1351  43.098
1352  36.424
1353  38.446
1354  42.185
1355  42.467
1356  39.252
1357  37.277
1358  35.638
1359  43.460
1360  35.351
1361  43.119
1362  37.244
1363  37.404
1364  40.778
1365  42.083
1366  36.758
1367  35.503
1368  38.892
1369  44.502
1370  37.917
1371  38.163
1372  35.548
1373  39.232
1374  40.229
1375  41.474
1376  38.258
1377  37.476
1378  40.713
1379  35.421
1380  37.081
1381  42.878
1382  37.890
1383  39.726
1384  40.137
1385  41.312
1386  36.748
1387  41.292
1388  38.850
1389  42.805
1390  36.912
1391  37.530
1392  41.018
1393  43.061
1394  39.120
1395  36.649
1396  43.990
1397  37.236
1398  40.775
1399  35.639
1400  42.456
1401  36.063
1402  39.999
1403  37.958
1404  39.783
1405  38.408
1406  42.901
1407  41.510
1408  42.487
1409  41.404
1410  42.115
1411  43.790
1412  30.184
1413  42.643
1414  35.784
1415  39.949
1416  35.060
1417  44.469
1418  36.552
1419  40.224
1420  38.667
1421  44.614
1422  37.325
1423  41.776
1424  35.707
1425  36.621
1426  44.959
1427  37.698
1428  41.960
1429  35.937
1430  38.734
1431  43.834
1432  37.796
1433  38.934
1434  37.306
1435  36.410
1436  38.403
1437  38.188
1438  41.058
1439  41.559
1440  41.158
1441  41.987
1442  40.401
1443  36.423
1444  44.266
1445  38.177
1446  44.651
1447  39.126
1448  43.821
1449  35.712
1450  41.272
1451  41.043
1452  36.991
1453  39.427
1454  35.849
1455  35.973
1456  38.125
1457  40.335
1458  36.560
1459  41.081
1460  35.486
1461  40.355
1462  43.330
1463  37.310
1464  37.510
1465  39.960
1466  39.885
1467  44.935
1468  36.896
1469  40.567
1470  42.178
1471  40.841
1472  42.165
1473  42.767
1474  43.466
1475  42.775
1476  37.015
1477  36.535
1478  35.257
1479  35.046
1480  35.367
1481  44.552
1482  42.342
1483  36.170
1484  43.091
1485  37.668
1486  42.238
1487  41.051
1488  39.601
1489  42.343
1490  36.375
1491  42.526
1492  35.750
1493  38.044
1494  36.336
1495  41.802
1496  39.596
1497  35.174
1498  38.365
1499  42.832
1500  42.432
1501  40.259
1502  41.758
1503  36.632
1504  35.411
1505  44.480
1506  38.368
1507  43.161
1508  40.914
1509  41.090
1510  43.727
1511  39.844
1512  36.267
1513  44.783
1514  38.423
1515  38.686
1516  38.298
1517  35.129
1518  39.625
1519  44.722
1520  41.737
1521  41.847
1522  43.859
1523  36.921
1524  35.101
1525  38.245
1526  35.592
1527  35.179
1528  43.498
1529  37.802
1530  37.420
1531  37.766
1532  43.608
1533  39.954
1534  39.388
1535  44.499
1536  37.227
1537  43.197
1538  36.119
1539  36.527
1540  43.115
1541  43.540
1542  43.865
1543  42.679
1544  40.349
1545  39.117
1546  40.531
1547  36.019
1548  39.012
1549  40.508
1550  43.913
1551  39.265
1552  43.038
1553  39.509
1554  35.797
1555  40.718
1556  36.645
1557  43.714
1558  35.616
1559  43.290
1560  37.839
1561  40.579
1562  35.178
1563  43.012
1564  11.159
1565  41.157
1566  39.294
1567  38.369
1568  39.834
1569  42.545
1570  42.551
1571  39.443
1572  41.279
1573  36.619
1574  39.516
1575  39.189
1576  41.630
1577  40.152
1578  44.930
1579  38.473
1580  44.592
1581  39.737
1582  38.932
1583  38.832
1584  35.517
1585  42.969
1586  38.226
1587  40.810
1588  36.486
1589  40.243
1590  36.864
1591  37.882
1592  44.728
1593  40.954
1594  43.879
1595  44.974
1596  39.800
1597  42.079
1598  36.891
1599  44.487
1600  35.618
1601  41.463
1602  42.179
1603  38.308
1604  39.321
1605  36.548
1606  41.889
1607  41.258
1608  38.486
1609  41.652
1610  41.150
1611  40.028
1612  37.195
1613  36.663
1614  35.444
1615  43.908
1616  38.462
1617  39.260
1618  41.169
1619  41.455
1620  38.373
1621  44.879
1622  17.271
1623  43.419
1624  35.944
1625  43.636
1626  39.975
1627  44.399
1628  35.308
1629  40.242
1630  43.542
1631  39.156
1632  35.624
1633  40.343
1634  36.145
1635  39.353
1636  41.597
1637  37.520
1638  36.439
1639  38.490
1640  40.320
1641  39.783
1642  35.497
1643  44.073
1644  36.290
1645  39.579
1646  41.246
1647  36.925
1648  38.651
1649  36.483
1650  35.035
1651  43.970
1652  41.137
1653  43.551
1654  43.051
1655  36.612
1656  40.332
1657  39.122
1658  36.716
1659  35.798
1660  37.763
1661  38.713
1662  35.889
1663  41.373
1664  36.382
1665  42.655
1666  43.925
1667  37.663
1668  40.402
1669  38.823
1670  37.835
1671  37.008
1672  37.946
1673  43.310
1674  36.486
1675  37.133
1676  43.407
1677  40.682
1678  38.191
1679  43.663
1680  37.880
1681  44.619
1682  41.922
1683  40.921
1684  39.564
1685  35.158
1686  40.518
1687  38.891
1688  36.970
1689  42.714
1690  40.345
1691  39.489
1692  35.579
1693  44.336
1694  35.335
1695  42.258
1696  35.477
1697  36.375
1698  38.471
1699  41.565
1700  44.269
1701  42.523
1702  43.779
1703  43.539
1704  37.221
1705  44.416
1706  41.109
1707  35.111
1708  21.322
1709  40.342
1710  39.280
1711  44.319
1712  35.136
1713  39.506
1714  44.830
1715  39.883
1716  39.739
1717  42.078
1718  44.731
1719  36.238
1720  36.480
1721  37.233
1722  39.814
1723  37.364
1724  41.326
1725  39.744
1726  42.043
1727  40.213
1728  35.184
1729  37.627
1730  38.271
1731  42.082
1732  42.096
1733  41.117
1734  40.411
1735  42.386
1736  36.575
1737  40.819
1738  41.656
1739  36.386
1740  38.686
1741  36.300
1742  38.403
1743  43.287
1744  35.539
1745  41.968
1746  36.896
1747  35.951
1748  35.385
1749  38.538
1750  40.145
1751  38.968
1752  38.481
1753  42.212
1754  35.466
1755  38.657
1756  36.699
1757  37.992
1758  36.643
1759  44.253
1760  44.969
1761  41.741
1762  40.642
1763  42.378
1764  38.354
1765  40.889
1766  44.866
1767  42.931
1768  44.857
1769  42.024
1770  42.533
1771  36.497
1772  42.201
1773  35.964
1774  37.525
1775  35.497
1776  41.558
1777  44.548
1778  43.600
1779  38.892
1780  39.491
1781  36.110
1782  43.913
1783  42.663
1784  40.778
1785  41.330
1786  37.256
1787  40.473
1788  42.241
1789  44.255
1790  40.547
1791  36.335
1792  36.685
1793  39.612
1794  44.610
1795  38.299
1796  41.239
1797  37.399
1798  43.202
1799  38.040
1800  40.299
1801  38.899
1802  43.567
1803  44.583
1804  38.018
1805  44.416
1806  40.292
1807  40.345
1808  37.491
1809  39.764
1810  40.481
1811  36.429
1812  37.313
1813  38.158
1814  44.755
1815  37.204
1816  36.073
1817  41.548
1818  41.234
1819  41.112
1820  41.652
1821  44.424
1822  39.776
1823  36.096
1824  44.861
1825  39.018
1826  36.826
1827  39.180
1828  40.299
1829  43.362
1830  32.927
1831  36.517
1832  44.175
1833  40.542
1834  38.589
1835  43.693
1836  35.696
1837  36.270
1838  43.546
1839  37.755
1840  41.854
1841  40.195
1842  42.675
1843  40.218
1844  42.053
1845  40.212
1846  41.025
1847  44.363
1848  37.863
1849  38.495
1850  44.558
1851  41.494
1852  39.465
1853  44.419
1854  41.019
1855  37.732
1856  41.814
1857  42.829
1858  39.857
1859  39.991
1860  42.030
1861  43.751
1862  35.468
1863  43.640
1864  39.994
1865  43.309
1866  40.753
1867  40.147
1868  41.694
1869  43.758
1870  41.459
1871  36.020
1872  41.475
1873  39.086
1874  43.884
1875  42.669
1876  36.224
1877  37.720
1878  38.484
1879  35.300
1880  39.770
1881  39.911
1882  40.951
1883  37.325
1884  44.218
1885  43.357
1886  41.076
1887  44.497
1888  41.516
1889  36.476
1890  36.381
1891  37.342
1892  40.415
1893  41.416
1894  41.183
1895  36.426
1896  44.186
1897  40.326
1898  38.579
1899  38.959
1900  35.599
1901  39.504
1902  35.038
1903  42.547
1904  40.158
1905  39.032
1906  35.407
1907  38.992
1908  36.445
1909  44.072
1910  35.649
1911  40.867
1912  42.555
1913  42.263
1914  35.859
1915  40.051
1916  41.920
1917  43.337
1918  39.773
1919  40.691
1920  38.403
1921  40.351
1922  39.498
1923  42.730
1924  38.205
1925  39.548
1926  41.740
1927  37.182
1928  42.591
1929  44.194
1930  38.110
1931  37.395
1932  44.059
1933  39.152
1934  35.102
1935  44.130
1936  36.468
1937  37.130
1938  44.939
1939  39.720
1940  35.536
1941  36.637
1942  43.731
1943  38.809
1944  37.866
1945  41.943
1946  39.922
1947  44.950
1948  38.374
1949  39.933
1950  38.028
1951  37.797
1952  44.532
1953  41.852
1954  42.077
1955  44.742
1956  41.066
1957  37.051
1958  41.900
1959  42.615
1960  40.016
1961  38.847
1962  42.009
1963  39.424
1964  40.980
1965  44.662
1966  44.860
1967  37.908
1968  35.454
1969  43.425
1970  42.119
1971  44.903
1972  35.711
1973  42.345
1974  41.191
1975  41.342
1976  39.688
1977  44.958
1978  40.643
1979  41.892
1980  41.264
1981  43.943
1982  39.645
1983  42.781
1984  38.102
1985  36.664
1986  38.646
1987  39.943
1988  36.145
1989  44.176
1990  35.062
1991  40.586
1992  36.654
1993  40.199
1994  43.690
1995  35.850
1996  42.083
1997  44.577
1998  40.624
1999  41.294
2000  38.633
2001  37.226
2002  42.150
2003  41.757
2004  38.176
2005  35.986
2006  40.503
2007  38.007
2008  36.442
2009  41.072
2010  42.474
2011  41.431
2012  35.119
2013  36.242
2014  38.560
2015  41.336
2016  42.527
2017  37.833
2018  35.523
2019  39.566
2020  36.432
2021  37.426
2022  39.867
2023  42.730
2024  41.847
2025  38.336
2026  41.242
2027  16.260
2028  38.652
2029  41.474
2030  38.452
2031  37.435
2032  35.389
2033  38.921
2034  36.517
2035  36.026
2036  42.149
2037  39.327
2038  42.723
2039  44.597
2040  35.476
2041  36.715
2042  42.280
2043  39.028
2044  44.067
2045  37.805
2046  36.034
2047  37.626
2048  37.448
2049  40.041
2050  43.258
2051  35.329
2052  39.275
2053  36.230
2054  44.478
2055  42.576
2056  39.436
2057  37.086
2058  41.439
2059  40.493
2060  36.885
2061  36.001
2062  36.260
2063  35.606
2064  39.352
2065  41.739
2066  41.950
2067  39.139
2068  43.007
2069  35.501
2070  38.280
2071  44.266
2072  41.751
2073  42.681
2074  40.007
2075  40.486
2076  37.613
2077  40.358
2078  39.477
2079  35.015
2080  41.639
2081  44.301
2082  41.618
2083  41.877
2084  35.135
2085  44.285
2086  44.614
2087  41.059
2088  36.478
2089  43.915
2090  41.707
2091  37.260
2092  38.622
2093  37.238
2094  40.201
2095  37.287
2096  42.031
2097  43.968
2098  38.596
2099  42.643
2100  36.170
2101  35.330
2102  41.511
2103  40.956
2104  41.733
2105  38.597
2106  40.494
2107  35.575
2108  35.503
2109  39.937
2110  41.548
2111  44.628
2112  43.555
2113  39.508
2114  41.991
2115  38.096
2116  43.205
2117  40.028
2118  37.284
2119  43.676
2120  39.170
2121  35.947
2122  37.751
2123  40.649
2124  41.472
2125  37.350
2126  43.087
2127  35.900
2128  40.219
2129  38.956
2130  41.177
2131  41.173
2132  38.137
2133  39.898
2134  40.612
2135  38.950
2136  35.628
2137  35.500
2138  43.516
2139  43.018
2140  41.597
2141  36.195
2142  37.207
2143  43.300
2144  38.631
2145  36.852
2146  42.943
2147  38.269
2148  36.843
2149  41.179
2150  38.306
2151  37.988
2152  36.994
2153  44.513
2154  41.608
2155  40.791
2156  35.117
2157  38.438
2158  35.677
2159  37.345
2160  43.825
2161  41.490
2162  38.190
2163  35.314
2164  36.583
2165  37.131
2166  37.907
2167  41.386
2168  44.602
2169  43.565
2170  41.353
2171  44.521
2172  42.744
2173  40.245
2174  44.485
2175  41.724
2176  43.615
2177  39.397
2178  37.389
2179  42.193
2180  44.041
2181  40.848
2182  38.908
2183  39.252
2184  44.045
2185  35.541
2186  35.580
2187  36.820
2188  41.618
2189  44.396
2190  39.423
2191  42.020
2192  41.462
2193  39.147
2194  42.214
2195  37.308
2196  37.706
2197  35.336
2198  42.654
2199  40.938
2200  43.700
2201  43.474
2202  36.361
2203  38.976
2204  39.307
2205  39.775
2206  41.211
2207  41.999
2208  36.541
2209  39.941
2210  40.143
2211  36.968
2212  40.546
2213  40.641
2214  35.300
2215  36.592
2216  38.682
2217  40.202
2218  38.973
2219  35.204
2220  38.180
2221  39.587
2222  37.296
2223  43.096
2224  43.854
2225  43.776
2226  39.174
2227  41.476
2228  35.185
2229  44.790
2230  40.705
2231  36.404
2232  42.438
2233  40.552
2234  42.581
2235  43.820
2236  44.173
2237  38.315
2238  38.288
2239  41.619
2240  42.248
2241  39.136
2242  37.852
2243  43.445
2244  43.530
2245  42.830
2246  42.092
2247  37.899
2248  36.104
2249  40.871
2250  42.876
2251  43.950
2252  43.438
2253  44.136
2254  42.732
2255  43.248
2256  43.607
2257  36.649
2258  40.666
2259  36.306
2260  41.509
2261  44.098
2262  40.740
2263  40.186
2264  36.227
2265  42.815
2266  36.022
2267  44.431
2268  43.205
2269  40.597
2270  38.376
2271  39.730
2272  35.423
2273  43.732
2274  39.216
2275  40.063
2276  41.923
2277  37.892
2278  40.825
2279  43.118
2280  36.686
2281  42.341
2282  40.366
2283  44.807
2284  44.324
2285  43.443
2286  36.924
2287  41.832
2288  40.996
2289  35.975
2290  40.763
2291  42.350
2292  38.743
2293  40.210
2294  41.365
2295  41.962
2296  38.038
2297  40.175
2298  41.287
2299  40.219
2300  41.286
2301  41.039
2302  40.279
2303  39.776
2304  35.450
2305  39.117
2306  37.642
2307  39.728
2308  40.146
2309  39.094
2310  37.667
2311  38.339
2312  43.009
2313  36.082
2314  43.315
2315  36.658
2316  44.996
2317  43.476
2318  36.219
2319  38.415
2320  37.950
2321  39.321
2322  40.878
2323  40.950
2324  44.808
2325  35.665
2326  44.230
2327  44.449
2328  43.341
2329  35.625
2330  36.863
2331  43.450
2332  40.596
2333  42.737
2334  36.453
2335  43.419
2336  44.109
2337  36.692
2338  36.989
2339  42.039
2340  40.499
2341  39.266
2342  35.112
2343  41.399
2344  44.003
2345  44.797
2346  38.188
2347  38.790
2348  35.999
2349  43.850
2350  42.871
2351  44.487
2352  39.546
2353  43.793
2354  39.436
2355  41.908
2356  44.223
2357  37.372
2358  42.049
2359  43.926
2360  43.597
2361  38.963
2362  41.510
2363  40.861
2364  41.261
2365  39.942
2366  42.281
2367  35.686
2368  42.446
2369  42.442
2370  40.276
2371  44.134
2372  43.669
2373  44.604
2374  35.448
2375  35.219
2376  42.970
2377  37.310
2378  36.894
2379  35.149
2380  36.423
2381  44.292
2382  37.909
2383  40.655
2384  43.474
2385  35.845
2386  39.998
2387  43.645
2388  35.898
2389  35.045
2390  35.782
2391  43.899
2392  36.326
2393  37.408
2394  41.493
2395  36.290
2396  36.317
2397  12.731
2398  38.301
2399  41.614
2400  35.731
2401  39.830
2402  36.107
2403  43.289
2404  36.744
2405  42.571
2406  39.640
2407  42.859
2408  43.341
2409  44.162
2410  44.555
2411  37.875
2412  44.757
2413  44.670
2414  40.627
2415  42.522
2416  35.231
2417  44.320
2418  36.332
2419  35.732
2420  43.218
2421  42.382
2422  39.718
2423  41.027
2424  42.450
2425  39.736
2426  37.843
2427  43.487
2428  42.630
2429  36.409
2430  41.309
2431  42.293
2432  40.946
2433  42.835
2434  36.841
2435  37.720
2436  44.460
2437  35.347
2438  43.391
2439  36.849
2440  38.968
2441  35.409
2442  44.081
2443  41.119
2444  41.421
2445  39.187
2446  39.207
2447  36.108
2448  44.903
2449  38.653
2450  37.316
2451  40.165
2452  42.922
2453  37.768
2454  36.030
2455  43.192
2456  39.375
2457  44.404
2458  44.296
2459  42.375
2460  40.614
2461  41.662
2462  35.447
2463  35.255
2464  37.706
2465  38.213
2466  41.383
2467  42.835
2468  39.626
2469  38.363
2470  43.599
2471  44.654
2472  35.455
2473  43.229
2474  38.386
2475  42.414
2476  44.885
2477  39.476
2478  42.493
2479  36.565
2480  35.171
2481  41.681
2482  39.465
2483  41.055
2484  37.021
2485  43.103
2486  42.786
2487  44.898
2488  37.879
2489  43.025
2490  35.506
2491  44.770
2492  39.867
2493  35.230
2494  43.893
2495  40.011
2496  41.903
2497  41.957
2498  40.595
2499  43.600
2500  37.386
2501  43.536
2502  38.953
2503  39.968
2504  38.501
2505  37.814
2506  43.853
2507  38.539
2508  41.683
2509  36.064
2510  36.747
2511  42.330
2512  35.223
2513  37.526
2514  44.583
2515  37.044
2516  40.725
2517  38.046
2518  42.036
2519  37.875
2520  39.865
2521  37.741
2522  42.061
2523  37.140
2524  39.914
2525  40.793
2526  44.681
2527  44.625
2528  37.256
2529  36.309
2530  39.747
2531  37.938
2532  40.581
2533  40.403
2534  36.156
2535  40.980
2536  35.157
2537  40.667
2538  39.082
2539  41.897
2540  41.419
2541  43.252
2542  39.265
2543  41.816
2544  41.203
2545  38.740
2546  44.090
2547  37.452
2548  44.083
2549  40.538
2550  43.549
2551  39.118
2552  40.131
2553  37.640
2554  40.739
2555  37.938
2556  37.557
2557  43.449
2558  37.949
2559  40.790
2560  39.600
2561  43.861
2562  43.943
2563  43.088
2564  37.843
2565  35.570
2566  41.958
2567  38.052
2568  43.144
2569  41.451
2570  43.751
2571  39.161
2572  39.113
2573  43.289
2574  37.812
2575  44.932
2576  18.684
2577  42.916
2578  41.348
2579  41.527
2580  35.753
2581  36.484
2582  44.864
2583  42.887
2584  43.789
2585  44.669
2586  42.747
2587  43.421
2588  44.447
2589  42.464
2590  41.731
2591  43.554
2592  41.228
2593  35.698
2594  44.333
2595  41.717
2596  40.005
2597  38.530
2598  38.813
2599  36.293
2600  39.550
2601  35.480
2602  40.607
2603  44.363
2604  39.278
2605  44.679
2606  35.683
2607  38.836
2608  43.509
2609  35.043
2610  44.099
2611  35.979
2612  41.125
2613  39.080
2614  43.407
2615  38.563
2616  36.744
2617  36.463
2618  39.610
2619  43.868
2620  17.027
2621  43.904
2622  39.767
2623  35.621
2624  38.286
2625  36.745
2626  44.784
2627  41.723
2628  35.760
2629  43.675
2630  41.959
2631  35.391
2632  39.112
2633  41.663
2634  41.221
2635  42.294
2636  41.443
2637  35.629
2638  37.897
2639  44.571
2640  43.816
2641  38.105
2642  39.861
2643  36.811
2644  38.775
2645  36.897
2646  39.559
2647  40.223
2648  38.913
2649  43.252
2650  43.597
2651  41.959
2652  40.305
2653  37.637
2654  44.806
2655  42.600
2656  38.766
2657  35.296
2658  39.763
2659  38.659
2660  42.531
2661  39.729
2662  44.404
2663  40.604
2664  37.317
2665  37.559
2666  35.270
2667  37.597
2668  35.371
2669  41.173
2670  35.611
2671  41.786
2672  39.256
2673  35.362
2674  41.152
2675  41.820
2676  36.745
2677  43.598
2678  44.285
2679  35.396
2680  39.116
2681  41.724
2682  40.898
2683  38.951
2684  37.387
2685  36.414
2686  42.690
2687  36.692
2688  38.476
2689  40.558
2690  39.532
2691  36.906
2692  43.136
2693  37.710
2694  40.273
2695  37.298
2696  36.858
2697  41.115
2698  36.399
2699  44.873
2700  41.610
2701  39.497
2702  38.150
2703  44.684
2704  39.182
2705  43.965
2706  38.742
2707  36.121
2708  36.364
2709  36.270
2710  38.068
2711  41.605
2712  42.277
2713  43.233
2714  35.960
2715  35.187
2716  35.139
2717  42.637
2718  38.188
2719  41.241
2720  36.691
2721  42.698
2722  40.447
2723  42.238
2724  37.502
2725  43.919
2726  39.069
2727  42.081
2728  44.985
2729  40.832
2730  39.813
2731  37.963
2732  36.874
2733  37.131
2734  41.848
2735  43.088
2736  43.958
2737  40.189
2738  37.914
2739  38.427
2740  40.557
2741  39.454
2742  38.269
2743  37.785
2744  44.627
2745  40.714
2746  39.657
2747  44.883
2748  38.784
2749  35.322
2750  44.636
2751  37.839
2752  43.592
2753  38.921
2754  37.993
2755  42.683
2756  37.884
2757  37.534
2758  38.962
2759  36.232
2760  37.728
2761  37.447
2762  44.074
2763  35.145
2764  44.285
2765  39.709
2766  41.353
2767  43.230
2768  39.677
2769  37.363
2770  40.609
2771  41.415
2772  40.914
2773  43.680
2774  39.362
2775  38.680
2776  37.928
2777  40.130
2778  42.939
2779  39.257
2780  38.073
2781  40.864
2782  44.897
2783  44.793
2784  44.390
2785  36.916
2786  35.405
2787  43.534
2788  39.003
2789  37.573
2790  44.150
2791  41.653
2792  35.305
2793  39.960
2794  39.447
2795  40.209
2796  37.036
2797  43.594
2798  39.242
2799  37.284
2800  40.614
2801  41.592
2802  41.294
2803  37.972
2804  39.018
2805  37.764
2806  41.116
2807  36.067
2808  36.651
2809  41.575
2810  44.962
2811  40.727
2812  38.492
2813  39.691
2814  41.215
2815  39.507
2816  41.532
2817  39.552
2818  37.004
2819  44.126
2820  37.922
2821  44.442
2822  41.643
2823  40.434
2824  39.471
2825  42.753
2826  36.968
2827  39.010
2828  43.064
2829  36.783
2830  44.041
2831  41.227
2832  44.328
2833  41.087
2834  36.004
2835  36.486
2836  35.563
2837  44.253
2838  35.661
2839  42.849
2840  43.508
2841  38.775
2842  40.461
2843  42.142
2844  44.654
2845  40.646
2846  35.392
2847  37.360
2848  41.467
2849  44.957
2850  36.156
2851  36.083
2852  44.695
2853  35.461
2854  44.705
2855  35.288
2856  35.756
2857  35.340
2858  44.726
2859  35.445
2860  44.371
2861  37.596
2862  42.927
2863  35.235
2864  42.803
2865  42.184
2866  43.917
2867  38.970
2868  40.568
2869  44.635
2870  41.053
2871  38.197
2872  42.840
2873  37.084
2874  39.684
2875  43.209
2876  37.197
2877  43.055
2878  40.172
2879  41.438
2880  42.792
2881  41.985
2882  38.750
2883  43.188
2884  43.662
2885  42.119
2886  37.829
2887  44.439
2888  36.946
2889  35.390
2890  40.528
2891  41.961
2892  38.628
2893  43.305
2894  43.880
2895  40.633
2896  35.751
2897  44.263
2898  35.757
2899  44.370
2900  35.507
2901  40.153
2902  38.252
2903  36.616
2904  40.324
2905  38.425
2906  35.702
2907  42.694
2908  38.050
2909  43.142
2910  35.397
2911  40.809
2912  37.386
2913  40.430
2914  41.639
2915  41.789
2916  44.678
2917  37.412
2918  40.294
2919  43.261
2920  39.193
2921  40.947
2922  38.963
2923  43.557
2924  39.730
2925  35.756
2926  43.656
2927  40.023
2928  40.200
2929  37.060
2930  36.245
2931  36.927
2932  39.891
2933  35.646
2934  39.418
2935  38.128
2936  35.134
2937  38.362
2938  43.432
2939  38.882
2940  35.446
2941  42.804
2942  35.542
2943  38.407
2944  37.805
2945  42.437
2946  44.233
2947  36.389
2948  36.231
2949  42.350
2950  37.470
2951  38.475
2952  42.317
2953  39.272
2954  35.805
2955  42.540
2956  41.141
2957  40.710
2958  39.024
2959  44.982
2960  37.641
2961  38.358
2962  38.404
2963  44.549
2964  40.071
2965  44.586
2966  43.800
2967  44.724
2968  38.807
2969  39.725
2970  35.962
2971  39.620
2972  35.127
2973  39.309
2974  40.369
2975  44.790
2976  42.490
2977  36.135
2978  36.551
2979  40.707
2980  38.048
2981  38.232
2982  43.800
2983  35.357
2984  42.136
2985  41.610
2986  35.913
2987  44.110
2988  40.001
2989  36.109
2990  43.998
2991  35.887
2992  41.316
2993  38.862
2994  42.411
2995  42.742
2996  36.221
2997  36.566
2998  41.167
2999  43.156
3000  43.491
3001  42.273
3002  38.078
3003  44.426
3004  38.323
3005  44.867
3006  36.672
3007  35.107
3008  43.112
3009  36.412
3010  44.234
3011  44.037
3012  44.780
3013  41.660
3014  43.982
3015  43.876
3016  41.269
3017  39.681
3018  40.876
3019  35.643
3020  38.184
3021  43.217
3022  36.215
3023  35.250
3024  41.007
3025  44.565
3026  39.666
3027  39.201
3028  41.978
3029  43.752
3030  43.103
3031  40.564
3032  35.762
3033  35.770
3034  36.676
3035  41.924
3036  36.456
3037  38.783
3038  38.035
3039  43.039
3040  41.865
3041  42.230
3042  35.432
3043  39.337
3044  40.060
3045  40.101
3046  40.661
3047  38.319
3048  44.085
3049  42.349
3050  39.420
3051  41.211
3052  37.170
3053  44.242
3054  42.716
3055  43.740
3056  44.765
3057  42.579
3058  39.005
3059  39.230
3060  43.888
3061  37.291
3062  39.256
3063  37.681
3064  39.187
3065  42.186
3066  44.921
3067  40.427
3068  42.776
3069  39.467
3070  37.798
3071  42.749
3072  44.614
3073  42.844
3074  37.201
3075  39.364
3076  44.578
3077  41.425
3078  44.916
3079  36.272
3080  43.195
3081  40.145
3082  36.282
3083  42.850
3084  40.590
3085  44.883
3086  43.151
3087  43.616
3088  38.242
3089  43.310
3090  40.052
3091  43.049
3092  41.884
3093  39.431
3094  41.683
3095  39.664
3096  42.767
3097  42.032
3098  39.986
3099  35.740
3100  39.749
3101  44.642
3102  36.063
3103  39.190
3104  37.211
3105  38.355
3106  39.695
3107  43.958
3108  38.333
3109  40.647
3110  37.293
3111  41.029
3112  42.054
3113  40.037
3114  41.463
3115  36.311
3116  41.224
3117  41.622
3118  38.320
3119  39.065
3120  36.045
3121  42.649
3122  41.221
3123  40.826
3124  38.525
3125  44.261
3126  39.984
3127  37.717
3128  43.109
3129  44.301
3130  42.239
3131  43.394
3132  35.836
3133  40.119
3134  37.517
3135  36.646
3136  44.306
3137  39.751
3138  41.704
3139  41.213
3140  44.013
3141  41.439
3142  42.397
3143  42.842
3144  36.426
3145  38.554
3146  38.417
3147  39.548
3148  35.999
3149  40.979
3150  38.607
3151  39.318
3152  38.024
3153  37.228
3154  39.635
3155  38.990
3156  37.184
3157  38.521
3158  35.850
3159  44.164
3160  41.063
3161  38.614
3162  37.535
3163  42.551
3164  39.232
3165  43.909
3166  37.133
3167  35.556
3168  38.536
3169  37.117
3170  43.480
3171  42.927
3172  39.869
3173  39.109
3174  40.708
3175  35.619
3176  38.580
3177  40.329
3178  37.873
3179  32.187
3180  37.704
3181  35.201
3182  38.602
3183  37.347
3184  40.383
3185  41.369
3186  44.351
3187  35.621
3188  39.490
3189  43.524
3190  43.003
3191  42.399
3192  43.218
3193  40.194
3194  41.064
3195  37.706
3196  39.445
3197  42.612
3198  38.915
3199  40.789
3200  38.405
3201  35.974
3202  39.297
3203  43.013
3204  39.536
3205  41.579
3206  42.741
3207  40.909
3208  35.952
3209  38.647
3210  38.846
3211  42.991
3212  43.539
3213  38.833
3214  42.254
3215  37.717
3216  43.451
3217  42.167
3218  44.734
3219  44.125
3220  41.268
3221  40.670
3222  44.986
3223  37.617
3224  39.371
3225  39.280
3226  39.091
3227  44.489
3228  38.363
3229  37.385
3230  43.598
3231  35.368
3232  39.942
3233  39.071
3234  36.813
3235  38.709
3236  44.228
3237  42.997
3238  41.511
3239  43.441
3240  44.541
3241  42.713
3242  39.220
3243  36.429
3244  41.514
3245  42.831
3246  43.385
3247  43.078
3248  40.040
3249  40.511
3250  41.132
3251  42.832
3252  41.046
3253  40.359
3254  43.360
3255  37.009
3256  42.944
3257  44.460
3258  40.865
3259  41.935
3260  39.072
3261  39.042
3262  42.342
3263  40.396
3264  43.525
3265  36.430
3266  43.552
3267  39.433
3268  42.497
3269  40.475
3270  38.388
3271  35.107
3272  37.812
3273  44.314
3274  42.129
3275  37.777
3276  44.539
3277  35.218
3278  35.023
3279  41.313
3280  44.508
3281  44.092
3282  43.439
3283  41.244
3284  40.081
3285  36.716
3286  35.199
3287  43.892
3288  44.386
3289  14.925
3290  43.757
3291  35.591
3292  37.620
3293  43.967
3294  44.830
3295  43.733
3296  40.222
3297  40.636
3298  43.757
3299  37.461
3300  42.335
3301  40.179
3302  40.586
3303  41.283
3304  39.197
3305  37.687
3306  44.258
3307  37.750
3308  39.558
3309  43.317
3310  39.603
3311  40.422
3312  35.628
3313  43.319
3314  40.844
3315  40.396
3316  36.131
3317  42.973
3318  40.847
3319  40.055
3320  41.393
3321  42.198
3322  40.564
3323  44.661
3324  37.182
3325  41.269
3326  44.568
3327  41.238
3328  37.843
3329  41.092
3330  38.486
3331  41.738
3332  41.540
3333  41.925
3334  35.696
3335  41.130
3336  37.421
3337  41.448
3338  35.220
3339  43.736
3340  40.731
3341  42.306
3342  42.571
3343  42.089
3344  43.713
3345  37.564
3346  38.690
3347  41.849
3348  39.400
3349  40.715
3350  35.284
3351  38.297
3352  44.782
3353  40.869
3354  36.553
3355  36.139
3356  40.577
3357  35.018
3358  39.242
3359  44.694
3360  40.486
3361  38.301
3362  37.080
3363  42.904
3364  37.511
3365  42.506
3366  41.672
3367  43.401
3368  36.808
3369  37.421
3370  35.520
3371  38.967
3372  35.364
3373  44.946
3374  38.722
3375  35.271
3376  41.878
3377  41.130
3378  38.174
3379  43.745
3380  35.670
3381  42.140
3382  41.520
3383  36.651
3384  36.319
3385  39.013
3386  39.685
3387  35.369
3388  39.759
3389  35.226
3390  37.197
3391  44.829
3392  43.523
3393  40.681
3394  43.048
3395  43.462
3396  42.381
3397  44.584
3398  37.960
3399  43.239
3400  39.852
3401  44.959
3402  37.599
3403  38.743
3404  37.740
3405  42.376
3406  44.010
3407  43.784
3408  40.722
3409  36.675
3410  42.889
3411  36.015
3412  36.104
3413  40.600
3414  38.542
3415  43.601
3416  44.632
3417  40.405
3418  39.135
3419  35.668
3420  41.522
3421  36.125
3422  44.708
3423  43.155
3424  40.663
3425  43.574
3426  41.917
3427  38.813
3428  38.945
3429  40.362
3430  37.511
3431  43.627
3432  40.222
3433  35.874
3434  40.683
3435  44.603
3436  38.992
3437  44.127
3438  44.125
3439  44.589
3440  42.704
3441  42.838
3442  36.617
3443  39.428
3444  37.110
3445  35.986
3446  39.527
3447  39.866
3448  40.299
3449  36.102
3450  42.882
3451  36.965
3452  35.238
3453  40.980
3454  43.047
3455  42.182
3456  35.087
3457  39.554
3458  36.707
3459  42.058
3460  39.838
3461  39.205
3462  35.972
3463  43.493
3464  43.100
3465  39.564
3466  37.976
3467  39.437
3468  41.877
3469  44.473
3470  42.047
3471  44.250
3472  36.327
3473  38.582
3474  43.973
3475  40.313
3476  36.922
3477  42.276
3478  37.954
3479  37.569
3480  44.801
3481  43.034
3482  42.180
3483  35.767
3484  44.063
3485  44.753
3486  38.867
3487  39.599
3488  37.863
3489  36.447
3490  42.559
3491  40.220
3492  36.860
3493  39.414
3494  43.375
3495  36.092
3496  39.206
3497  30.448
3498  42.737
3499  37.358
3500  41.918
3501  38.262
3502  40.580
3503  33.656
3504  37.422
3505  43.526
3506  35.640
3507  40.542
3508  42.670
3509  44.673
3510  40.977
3511  40.892
3512  37.968
3513  37.743
3514  44.084
3515  36.932
3516  42.501
3517  38.154
3518  41.085
3519  44.388
3520  37.469
3521  39.974
3522  43.335
3523  38.446
3524  38.746
3525  40.937
3526  35.760
3527  37.208
3528  43.804
3529  38.358
3530  44.920
3531  42.255
3532  39.578
3533  38.737
3534  38.887
3535  43.532
3536  42.013
3537  36.982
3538  36.033
3539  41.345
3540  39.335
3541  40.529
3542  42.670
3543  35.270
3544  43.669
3545  41.077
3546  37.120
3547  40.442
3548  39.473
3549  44.748
3550  39.258
3551  41.553
3552  36.734
3553  44.389
3554  40.233
3555  39.983
3556  18.692
3557  35.709
3558  43.233
3559  39.913
3560  37.935
3561  39.276
3562  42.830
3563  36.836
3564  39.631
3565  43.969
3566  36.472
3567  41.240
3568  35.998
3569  39.394
3570  43.520
3571  40.144
3572  41.805
3573  37.214
3574  42.320
3575  39.168
3576  44.349
3577  40.457
3578  36.248
3579  44.078
3580  44.739
3581  37.754
3582  44.133
3583  40.620
3584  44.931
3585  36.110
3586  42.045
3587  41.007
3588  43.258
3589  36.527
3590  39.497
3591  44.833
3592  42.155
3593  37.178
3594  44.296
3595  37.773
3596  41.359
3597  37.808
3598  40.276
3599  43.771
3600  41.038
3601  35.225
3602  39.348
3603  39.877
3604  35.670
3605  38.749
3606  43.244
3607  37.774
3608  43.304
3609  39.679
3610  44.347
3611  40.343
3612  42.689
3613  38.967
3614  38.203
3615  38.702
3616  43.239
3617  44.176
3618  40.299
3619  40.522
3620  38.288
3621  35.182
3622  44.203
3623  40.838
3624  39.839
3625  42.817
3626  35.393
3627  42.364
3628  39.018
3629  42.314
3630  38.376
3631  36.432
3632  38.325
3633  38.386
3634  35.696
3635  39.055
3636  38.315
3637  44.407
3638  44.030
3639  40.325
3640  43.429
3641  40.544
3642  44.863
3643  38.244
3644  35.037
3645  36.140
3646  38.861
3647  43.706
3648  35.930
3649  35.344
3650  41.661
3651  36.286
3652  39.498
3653  38.777
3654  43.517
3655  38.702
3656  41.095
3657  42.959
3658  41.235
3659  36.668
3660  35.278
3661  40.388
3662  36.736
3663  36.425
3664  39.910
3665  36.844
3666  43.455
3667  43.691
3668  40.856
3669  44.971
3670  43.309
3671  36.718
3672  43.576
3673  43.687
3674  42.334
3675  44.167
3676  35.887
3677  41.874
3678  37.880
3679  37.954
3680  40.442
3681  41.598
3682  37.950
3683  38.815
3684  37.233
3685  39.240
3686  36.217
3687  38.039
3688  37.848
3689  38.188
3690  39.339
3691  37.602
3692  38.885
3693  42.417
3694  40.910
3695  40.198
3696  38.304
3697  43.045
3698  35.159
3699  44.744
3700  39.558
3701  39.225
3702  40.070
3703  35.919
3704  42.362
3705  44.653
3706  42.808
3707  41.320
3708  44.680
3709  38.530
3710  38.359
3711  43.939
3712  43.237
3713  36.311
3714  40.361
3715  41.617
3716  38.466
3717  42.310
3718  35.827
3719  41.347
3720  44.488
3721  42.882
3722  41.631
3723  42.475
3724  42.966
3725  39.245
3726  36.972
3727  42.556
3728  41.272
3729  40.646
3730  39.868
3731  42.434
3732  44.100
3733  36.867
3734  35.687
3735  36.161
3736  42.004
3737  39.359
3738  41.106
3739  39.021
3740  43.016
3741  35.246
3742  38.423
3743  38.986
3744  37.108
3745  35.977
3746  43.603
3747  39.480
3748  42.821
3749  44.402
3750  42.778
3751  37.022
3752  40.612
3753  38.047
3754  41.647
3755  41.423
3756  35.954
3757  40.517
3758  43.732
3759  38.872
3760  42.740
3761  42.511
3762  36.584
3763  39.428
3764  40.130
3765  40.338
3766  44.063
3767  41.460
3768  37.238
3769  44.605
3770  44.667
3771  44.788
3772  41.125
3773  40.806
3774  44.653
3775  44.193
3776  41.538
3777  40.931
3778  38.829
3779  41.563
3780  43.585
3781  36.334
3782  43.613
3783  35.417
3784  36.770
3785  43.527
3786  44.168
3787  12.075
3788  41.831
3789  38.636
3790  38.388
3791  42.058
3792  37.130
3793  39.655
3794  35.899
3795  37.812
3796  37.204
3797  43.348
3798  38.398
3799  39.376
3800  44.660
3801  44.166
3802  37.763
3803  40.351
3804  43.508
3805  40.347
3806  37.541
3807  44.595
3808  36.469
3809  39.414
3810  39.506
3811  38.683
3812  35.376
3813  43.395
3814  39.614
3815  39.052
3816  37.951
3817  37.804
3818  42.498
3819  42.387
3820  38.375
3821  43.411
3822  44.218
3823  39.028
3824  43.980
3825  39.412
3826  35.785
3827  42.661
3828  36.243
3829  35.632
3830  41.352
3831  44.780
3832  42.436
3833  39.861
3834  35.938
3835  35.352
3836  36.831
3837  37.668
3838  39.589
3839  36.291
3840  43.124
3841  40.579
3842  44.281
3843  40.638
3844  37.913
3845  43.115
3846  42.295
3847  43.993
3848  43.600
3849  38.227
3850  35.458
3851  39.836
3852  40.005
3853  42.501
3854  44.619
3855  40.577
3856  38.675
3857  36.770
3858  37.419
3859  37.331
3860  37.094
3861  38.528
3862  41.040
3863  35.174
3864  39.127
3865  44.479
3866  40.982
3867  42.447
3868  43.243
3869  43.664
3870  44.173
3871  38.382
3872  36.012
3873  42.292
3874  42.405
3875  38.440
3876  40.380
3877  41.947
3878  39.043
3879  44.120
3880  38.118
3881  42.003
3882  42.581
3883  44.351
3884  41.161
3885  40.468
3886  37.238
3887  43.639
3888  43.513
3889  36.067
3890  40.145
3891  41.135
3892  44.520
3893  39.491
3894  39.967
3895  44.908
3896  36.695
3897  37.693
3898  35.815
3899  43.827
3900  39.294
3901  42.446
3902  37.640
3903  44.885
3904  35.803