1  42.550
2  42.747
3  36.180
4  43.533
5  37.402
6  44.911
7  43.497
8  41.139
9  39.049
10  42.702
11  44.759
12  43.758
13  38.455
14  37.197
15  44.376
16  42.913
17  37.773
18  41.325
19  37.334
20  42.839
21  36.840
22  41.748
23  38.261
24  38.061
25  38.927
26  35.382
27  41.005
28  37.685
29  40.947
30  42.793
31  42.912
32  39.654
33  39.019
34  36.745
35  42.176
36  38.321
37  42.833
38  40.233
39  37.757
40  41.913
41  39.343
42  37.578
43  44.122
44  40.728
45  41.872
46  40.395
47  44.678
48  44.419
49  40.539
50  36.373
51  35.459
52  43.702
53  39.337
54  36.654
55  38.873
56  44.719
57  40.190
58  38.325
59  42.721
60  29.449
61  39.664
62  44.140
63  43.478
64  42.020
65  35.955
66  37.225
67  37.646
68  37.544
69  43.991
70  36.573
71  38.092
72  37.517
73  43.953
74  44.906
75  44.783
76  37.132
77  43.081
78  40.462
79  35.580
80  38.190
81  37.457
82  42.810
83  44.283
84  39.431
85  41.646
86  40.176
87  22.646
88  39.723
89  41.721
90  38.481
91  42.402
92  43.408
93  38.155
94  44.077
95  40.974
96  43.952
97  40.446
98  38.858
99  42.218
100  39.301
101  38.400
102  39.986
103  40.943
104  40.425
105  42.986
106  38.532
107  36.627
108  38.362
109  40.458
110  41.861
111  36.917
112  35.116
113  43.608
114  35.214
115  39.564
116  42.117
117  35.172
118  41.914
119  44.067
120  40.043
121  40.195
122  43.193
123  39.108
124  38.824
125  44.984
126  43.939
127  36.088
128  38.986
129  38.802
130  36.807
131  42.617
132  42.911
133  39.092
134  43.429
135  41.849
136  38.242
137  42.036
138  40.281
139  43.793
140  43.900
141  40.034
142  44.037
143  44.791
144  40.429
145  37.716
146  39.638
147  42.056
148  39.546
149  44.461
150  35.309
151  37.827
152  43.406
153  39.807
154  36.182
155  43.795
156  41.040
157  39.800
158  38.001
159  38.308
160  35.057
161  38.223
162  43.045
163  36.271
164  38.070
165  37.149
166  40.438
167  37.929
168  37.238
169  39.601
170  44.879
171  43.192
172  38.267
173  40.289
174  35.301
175  39.935
176  41.155
177  41.743
178  42.774
179  44.736
180  37.721
181  43.689
182  40.246
183  35.661
184  42.031
185  35.609
186  41.111
187  41.996
188  42.782
189  40.204
190  41.384
191  36.727
192  37.757
193  36.239
194  43.338
195  35.324
196  40.936
197  37.735
198  42.083
199  44.299
200  41.435
201  44.239
202  41.766
203  43.274
204  35.554
205  40.359
206  39.028
207  36.209
208  43.075
209  43.687
210  39.489
211  40.171
212  44.894
213  43.250
214  39.571
215  12.827
216  40.632
217  44.786
218  42.508
219  41.667
220  37.454
221  35.648
222  36.901
223  41.356
224  39.316
225  41.978
226  41.494
227  35.868
228  41.044
229  43.213
230  35.088
231  41.445
232  39.533
233  41.644
234  41.914
235  44.537
236  40.830
237  38.202
238  39.060
239  43.382
240  38.276
241  39.900
242  38.137
243  36.916
244  39.313
245  36.860
246  39.037
247  41.900
248  39.849
249  36.806
250  43.996
251  38.998
252  39.507
253  39.073
254  40.265
255  42.393
256  39.938
257  40.845
258  42.631
259  35.543
260  35.115
261  41.164
262  39.719
263  39.880
264  43.897
265  40.450
266  41.240
267  41.611
268  39.441
269  37.871
270  36.424
271  36.333
272  35.843
273  44.207
274  14.961
275  39.102
276  40.134
277  41.291
278  43.169
279  38.752
280  39.517
281  38.977
282  40.506
283  43.807
284  42.086
285  38.060
286  39.551
287  37.090
288  39.808
289  42.304
290  44.261
291  43.903
292  37.402
293  43.488
294  38.400
295  41.235
296  38.120
297  39.460
298  41.561
299  42.883
300  36.340
301  37.179
302  41.761
303  35.085
304  44.553
305  38.476
306  37.097
307  35.372
308  35.278
309  41.650
310  37.792
311  37.199
312  38.419
313  44.500
314  36.761
315  37.945
316  41.515
317  35.579
318  40.842
319  35.148
320  38.132
321  39.427
322  37.483
323  41.984
324  36.178
325  40.149
326  41.492
327  35.350
328  41.844
329  37.498
330  38.943
331  30.289
332  38.569
333  39.769
334  37.246
335  39.717
336  37.854
337  37.304
338  39.863
339  35.126
340  40.984
341  37.554
342  42.010
343  38.111
344  35.557
345  37.075
346  40.832
347  35.116
348  35.436
349  41.680
350  35.181
351  42.779
352  35.616
353  40.344
354  41.701
355  40.576
356  40.699
357  43.452
358  42.155
359  39.724
360  43.289
361  40.502
362  36.228
363  39.173
364  43.091
365  42.005
366  35.816
367  37.436
368  40.115
369  44.272
370  36.514
371  42.236
372  41.694
373  39.268
374  42.566
375  37.630
376  37.943
377  37.111
378  39.583
379  37.844
380  44.429
381  39.018
382  37.335
383  37.476
384  40.684
385  39.472
386  44.651
387  37.576
388  39.741
389  37.752
390  40.543
391  41.610
392  43.436
393  43.785
394  36.409
395  39.685
396  42.944
397  42.043
398  41.208
399  36.987
400  40.013
401  44.111
402  36.186
403  44.821
404  36.181
405  43.923
406  39.536
407  35.656
408  35.466
409  42.592
410  36.269
411  40.968
412  38.139
413  42.554
414  43.895
415  36.857
416  40.685
417  36.667
418  37.414
419  42.535
420  40.534
421  35.457
422  41.975
423  37.962
424  42.284
425  41.718
426  39.388
427  38.324
428  35.858
429  40.398
430  36.447
431  38.275
432  40.062
433  40.161
434  44.989
435  38.179
436  36.449
437  44.660
438  37.182
439  39.638
440  41.623
441  36.773
442  37.162
443  38.296
444  38.713
445  43.039
446  41.935
447  41.429
448  44.148
449  39.874
450  42.203
451  44.695
452  43.107
453  44.980
454  39.976
455  39.943
456  43.857
457  35.093
458  36.590
459  37.850
460  43.867
461  43.598
462  41.940
463  38.829
464  38.811
465  42.919
466  36.667
467  37.658
468  43.690
469  36.139
470  37.362
471  39.446
472  39.987
473  41.052
474  44.143
475  41.686
476  39.381
477  41.009
478  44.687
479  44.821
480  43.611
481  38.889
482  39.521
483  41.115
484  42.387
485  36.553
486  38.592
487  37.992
488  37.582
489  39.912
490  44.244
491  37.337
492  37.374
493  42.359
494  36.704
495  42.024
496  38.488
497  41.005
498  41.730
499  43.805
500  39.867
501  40.125
502  38.382
503  40.267
504  44.103
505  41.926
506  43.339
507  36.523
508  35.990
509  44.327
510  37.776
511  40.279
512  40.134
513  37.790
514  38.459
515  42.061
516  41.116
517  40.000
518  43.465
519  37.992
520  37.733
521  35.835
522  41.166
523  43.014
524  43.144
525  36.904
526  36.269
527  44.474
528  40.117
529  42.072
530  43.871
531  39.830
532  35.931
533  35.700
534  40.162
535  40.258
536  44.247
537  36.331
538  40.000
539  39.241
540  40.729
541  39.372
542  43.782
543  40.273
544  36.086
545  41.947
546  37.910
547  44.075
548  43.737
549  35.433
550  35.842
551  38.509
552  38.396
553  44.357
554  42.371
555  36.027
556  37.821
557  36.320
558  37.368
559  38.412
560  44.606
561  43.169
562  39.101
563  41.817
564  37.478
565  38.437
566  35.486
567  39.459
568  40.731
569  38.043
570  36.125
571  35.792
572  13.490
573  35.742
574  35.657
575  41.079
576  36.835
577  40.164
578  37.983
579  42.273
580  37.925
581  42.929
582  40.085
583  36.523
584  40.632
585  36.295
586  39.233
587  39.066
588  37.861
589  42.138
590  38.222
591  35.284
592  42.366
593  37.311
594  39.493
595  40.951
596  44.954
597  38.371
598  41.109
599  42.786
600  37.106
601  37.649
602  44.854
603  38.891
604  38.789
605  38.577
606  41.090
607  35.859
608  36.768
609  40.878
610  40.179
611  38.412
612  39.665
613  35.148
614  38.104
615  41.507
616  36.074
617  36.858
618  44.913
619  39.775
620  39.943
621  40.653
622  36.104
623  37.215
624  40.115
625  39.543
626  36.056
627  42.456
628  36.154
629  40.099
630  41.086
631  36.791
632  38.443
633  38.995
634  35.471
635  37.041
636  35.598
637  39.653
638  39.860
639  41.033
640  44.268
641  39.473
642  40.270
643  35.495
644  38.779
645  39.147
646  36.256
647  40.188
648  43.651
649  37.130
650  37.197
651  32.151
652  44.055
653  39.892
654  38.859
655  35.211
656  41.843
657  35.390
658  36.048
659  36.460
660  41.100
661  35.401
662  43.074
663  40.300
664  37.664
665  35.805
666  43.298
667  42.993
668  38.294
669  40.941
670  38.507
671  36.080
672  39.199
673  41.749
674  36.096
675  41.780
676  44.241
677  38.819
678  40.632
679  39.299
680  39.210
681  40.766
682  40.569
683  39.519
684  35.692
685  36.419
686  35.907
687  42.274
688  41.418
689  37.645
690  40.788
691  37.622
692  37.393
693  42.326
694  41.497
695  38.434
696  36.200
697  43.895
698  36.631
699  40.434
700  35.319
701  19.509
702  40.119
703  37.024
704  42.529
705  39.845
706  40.124
707  44.103
708  36.780
709  37.382
710  40.325
711  35.899
712  32.283
713  38.817
714  35.275
715  39.900
716  39.308
717  37.941
718  37.658
719  38.441
720  41.311
721  41.125
722  44.833
723  36.658
724  41.228
725  37.287
726  36.868
727  39.001
728  39.935
729  36.853
730  41.674
731  39.113
732  35.082
733  43.834
734  38.609
735  42.245
736  40.631
737  43.435
738  43.773
739  35.280
740  40.634
741  43.041
742  39.337
743  43.150
744  40.399
745  38.903
746  35.043
747  39.317
748  42.122
749  38.119
750  39.704
751  39.150
752  35.952
753  37.763
754  39.635
755  44.442
756  38.639
757  43.269
758  38.362
759  35.974
760  44.013
761  41.609
762  37.817
763  36.821
764  37.553
765  42.202
766  42.936
767  38.606
768  42.202
769  42.052
770  38.426
771  35.216
772  22.207
773  39.998
774  40.560
775  43.390
776  35.148
777  40.691
778  43.678
779  44.420
780  42.526
781  42.565
782  44.681
783  40.584
784  40.118
785  43.571
786  40.197
787  37.987
788  37.357
789  40.741
790  40.121
791  37.484
792  43.715
793  35.502
794  35.419
795  35.793
796  37.558
797  38.477
798  38.478
799  43.010
800  35.373
801  41.971
802  43.876
803  39.583
804  35.503
805  41.300
806  44.183
807  42.811
808  41.621
809  42.872
810  40.859
811  44.207
812  35.108
813  44.386
814  41.260
815  36.717
816  42.761
817  40.268
818  39.636
819  42.434
820  35.079
821  37.915
822  36.604
823  44.709
824  40.502
825  37.746
826  44.355
827  43.889
828  37.035
829  43.454
830  40.609
831  40.749
832  35.228
833  36.884
834  42.813
835  39.133
836  35.334
837  38.097
838  43.486
839  44.737
840  43.181
841  35.968
842  43.134
843  38.038
844  36.455
845  36.932
846  40.565
847  43.179
848  41.808
849  35.252
850  36.457
851  43.929
852  40.320
853  41.903
854  44.946
855  36.397
856  35.624
857  36.295
858  41.740
859  42.095
860  41.804
861  38.981
862  42.851
863  40.646
864  42.474
865  38.701
866  38.991
867  41.601
868  36.196
869  40.721
870  38.293
871  40.958
872  25.111
873  41.547
874  44.907
875  41.957
876  36.306
877  37.975
878  26.963
879  10.046
880  36.151
881  41.182
882  39.034
883  41.884
884  36.316
885  42.472
886  43.061
887  38.520
888  38.661
889  35.236
890  42.592
891  44.461
892  37.739
893  39.608
894  44.521
895  37.669
896  39.601
897  36.810
898  42.723
899  41.622
900  44.571
901  35.664
902  43.939
903  39.953
904  41.185
905  42.279
906  35.545
907  42.371
908  41.143
909  41.021
910  44.646
911  41.478
912  44.854
913  43.141
914  36.336
915  38.629
916  37.084
917  36.363
918  35.172
919  38.121
920  43.955
921  44.537
922  41.438
923  40.273
924  42.490
925  39.991
926  39.142
927  44.883
928  39.014
929  42.816
930  37.317
931  38.754
932  39.094
933  41.609
934  35.044
935  37.277
936  39.514
937  44.955
938  41.607
939  35.199
940  36.505
941  42.787
942  42.162
943  41.081
944  42.856
945  38.148
946  43.684
947  38.901
948  36.178
949  37.039
950  35.094
951  35.494
952  35.706
953  36.671
954  36.188
955  41.203
956  38.725
957  44.404
958  40.251
959  43.695
960  35.850
961  38.204
962  38.437
963  37.699
964  41.977
965  42.313
966  37.738
967  37.985
968  39.377
969  44.881
970  43.460
971  40.752
972  43.581
973  41.519
974  43.410
975  35.486
976  40.982
977  35.271
978  39.681
979  42.649
980  43.499
981  43.128
982  36.791
983  42.536
984  41.460
985  36.951
986  41.279
987  35.033
988  41.622
989  40.794
990  40.754
991  43.052
992  40.230
993  38.905
994  44.659
995  41.811
996  42.444
997  42.508
998  38.165
999  40.528
1000  37.357
1001  44.274
1002  40.678
1003  39.782
1004  44.905
1005  38.907
1006  39.234
1007  38.930
1008  43.191
1009  38.961
1010  40.915
1011  42.092
1012  36.597
1013  44.911
1014  38.579
1015  38.258
1016  42.763
1017  40.447
1018  40.621
1019  39.280
1020  42.852
1021  42.926
1022  40.012
1023  37.524
1024  37.708
1025  39.403
1026  35.925
1027  42.822
1028  43.895
1029  43.279
1030  38.730
1031  41.755
1032  41.398
1033  40.992
1034  36.905
1035  39.647
1036  44.091
1037  38.867
1038  36.000
1039  40.877
1040  43.189
1041  44.253
1042  44.134
1043  37.174
1044  43.502
1045  42.258
1046  40.567
1047  44.623
1048  40.628
1049  44.113
1050  38.477
1051  39.453
1052  41.291
1053  35.543
1054  41.425
1055  40.131
1056  37.343
1057  38.486
1058  40.798
1059  41.785
1060  39.939
1061  38.370
1062  37.407
1063  44.361
1064  35.476
1065  38.422
1066  35.382
1067  38.229
1068  43.245
1069  39.079
1070  37.774
1071  40.116
1072  41.248
1073  41.335
1074  15.478
1075  39.157
1076  39.716
1077  42.216
1078  42.771
1079  36.580
1080  44.978
1081  43.776
1082  44.487
1083  35.517
1084  39.688
1085  41.760
1086  40.173
1087  40.535
1088  36.971
1089  40.035
1090  43.925
1091  42.314
1092  43.842
1093  37.023
1094  43.710
1095  35.498
1096  44.024
1097  36.928
1098  36.730
1099  40.283
1100  35.892
1101  37.389
1102  44.718
1103  43.351
1104  36.288
1105  36.783
1106  39.080
1107  35.571
1108  40.686
1109  38.639
1110  42.770
1111  38.740
1112  37.193
1113  36.710
1114  41.966
1115  44.130
1116  38.839
1117  36.978
1118  38.064
1119  36.130
1120  36.329
1121  39.451
1122  40.175
1123  41.055
1124  36.471
1125  38.373
1126  40.161
1127  40.383
1128  43.047
1129  44.602
1130  39.114
1131  37.773
1132  36.130
1133  37.203
1134  36.926
1135  42.811
1136  40.020
1137  42.861
1138  44.284
1139  41.043
1140  35.941
1141  40.690
1142  38.281
1143  41.669
1144  38.858
1145  39.580
1146  38.494
1147  36.822
1148  40.512
1149  40.262
1150  35.386
1151  41.937
1152  39.387
1153  37.915
1154  36.805
1155  43.232
1156  38.135
1157  44.480
1158  35.603
1159  35.353
1160  43.479
1161  36.376
1162  35.789
1163  41.774
1164  35.768
1165  40.149
1166  43.747
1167  38.997
1168  41.030
1169  40.121
1170  41.540
1171  44.637
1172  36.379
1173  44.226
1174  42.994
1175  40.851
1176  35.191
1177  41.055
1178  44.293
1179  43.191
1180  42.058
1181  38.949
1182  35.245
1183  35.728
1184  35.617
1185  37.364
1186  41.766
1187  43.582
1188  41.569
1189  41.773
1190  44.325
1191  43.879
1192  35.027
1193  44.860
1194  40.765
1195  43.897
1196  43.369
1197  39.900
1198  41.789
1199  36.194
1200  42.125
1201  43.507
1202  40.004
1203  42.673
1204  42.041
1205  43.734
1206  40.685
1207  38.236
1208  41.217
1209  39.652
1210  40.820
1211  42.555
1212  39.499
1213  44.249
1214  43.553
1215  38.134
1216  42.374
1217  41.923
1218  39.658
1219  39.246
1220  42.614
1221  35.760
1222  42.216
1223  37.605
1224  44.044
1225  36.685
1226  39.352
1227  44.047
1228  44.235
1229  41.929
1230  37.464
1231  41.616
1232  36.047
1233  40.876
1234  41.704
1235  38.050
1236  38.593
1237  36.776
1238  42.810
1239  38.468
1240  36.288
1241  40.831
1242  37.205
1243  38.135
1244  42.464
1245  40.778
1246  43.971
1247  37.579
1248  41.728
1249  41.609
1250  35.895
1251  39.075
1252  43.571
1253  38.626
1254  36.211
1255  41.940
1256  35.223
1257  42.237
1258  38.980
1259  36.991
1260  36.735
1261  35.503
1262  37.413
1263  40.141
1264  39.288
1265  38.151
1266  35.283
1267  42.828
1268  44.289
1269  40.563
1270  42.652
1271  44.151
1272  36.946
1273  40.985
1274  36.130
1275  43.227
1276  37.771
1277  39.908
1278  36.255
1279  41.812
1280  44.457
1281  39.203
1282  39.451
1283  37.828
1284  39.126
1285  37.259
1286  39.899
1287  39.692
1288  40.475
1289  43.812
1290  20.385
1291  42.229
1292  37.910
1293  36.603
1294  39.791
1295  42.845
1296  44.498
1297  41.563
1298  41.758
1299  44.033
1300  39.115
1301  35.609
1302  36.267
1303  32.950
1304  42.571
1305  44.846
1306  38.201
1307  44.104
1308  35.198
1309  37.570
1310  36.360
1311  38.688
1312  39.545
1313  37.976
1314  40.414
1315  35.953
1316  44.665
1317  41.630
1318  39.928
1319  39.941
1320  43.551
1321  38.254
1322  39.631
1323  44.348
1324  37.673
1325  33.263
1326  43.509
1327  41.337
1328  40.390
1329  43.083
1330  35.259
1331  40.436
1332  42.878
1333  37.272
1334  38.963
1335  38.825
1336  37.028
1337  39.193
1338  38.766
1339  42.451
1340  41.840
1341  42.022
1342  39.122
1343  40.840
1344  37.314
1345  39.327
1346  37.230
1347  39.941
1348  41.573
1349  36.117
1350  44.312
1351  37.361
1352  44.370
1353  36.266
1354  42.078
1355  40.843
1356  41.196
1357  36.477
1358  37.766
1359  37.155
1360  42.813
1361  42.877
1362  35.787
1363  38.110
1364  35.655
1365  38.277
1366  41.355
1367  41.515
1368  35.512
1369  44.594
1370  43.483
1371  38.229
1372  40.913
1373  39.371
1374  36.489
1375  44.871
1376  44.806
1377  37.976
1378  39.193
1379  43.883
1380  38.333
1381  35.292
1382  43.392
1383  38.833
1384  39.828
1385  35.263
1386  43.868
1387  44.081
1388  38.762
1389  36.534
1390  43.693
1391  43.182
1392  35.012
1393  41.870
1394  39.673
1395  41.327
1396  36.384
1397  41.945
1398  40.817
1399  36.097
1400  38.853
1401  37.270
1402  35.086
1403  41.272
1404  39.040
1405  41.325
1406  38.118
1407  44.908
1408  43.025
1409  42.854
1410  35.226
1411  37.125
1412  36.662
1413  37.298
1414  39.591
1415  42.805
1416  41.150
1417  44.545
1418  41.576
1419  42.302
1420  38.629
1421  40.254
1422  35.921
1423  42.084
1424  36.304
1425  43.281
1426  39.671
1427  43.601
1428  40.532
1429  44.941
1430  36.043
1431  39.659
1432  38.015
1433  43.211
1434  37.022
1435  44.564
1436  40.734
1437  42.834
1438  44.035
1439  43.817
1440  40.952
1441  41.509
1442  38.783
1443  39.001
1444  41.234
1445  42.362
1446  39.538
1447  41.808
1448  37.286
1449  42.130
1450  41.335
1451  42.237
1452  41.865
1453  40.630
1454  41.650
1455  36.657
1456  40.617
1457  38.585
1458  38.990
1459  39.345
1460  43.161
1461  41.193
1462  36.011
1463  42.148
1464  36.909
1465  39.137
1466  39.964
1467  42.327
1468  37.086
1469  44.977
1470  41.996
1471  41.883
1472  39.340
1473  37.017
1474  35.552
1475  39.398
1476  40.447
1477  37.714
1478  36.320
1479  36.127
1480  41.129
1481  37.771
1482  40.727
1483  38.413
1484  37.633
1485  40.510
1486  41.441
1487  43.582
1488  39.814
1489  43.082
1490  37.091
1491  19.866
1492  43.787
1493  43.981
1494  41.894
1495  37.168
1496  42.266
1497  38.199
1498  43.660
1499  40.529
1500  42.683
1501  41.644
1502  37.751
1503  42.793
1504  40.039
1505  43.350
1506  40.503
1507  38.157
1508  41.786
1509  36.078
1510  42.256
1511  41.760
1512  43.195
1513  35.735
1514  41.229
1515  44.635
1516  36.352
1517  36.521
1518  43.523
1519  26.265
1520  36.020
1521  35.233
1522  39.424
1523  40.395
1524  42.559
1525  42.999
1526  41.866
1527  35.262
1528  36.033
1529  36.590
1530  37.839
1531  43.429
1532  37.990
1533  44.773
1534  37.863
1535  40.109
1536  39.279
1537  40.195
1538  42.823
1539  36.389
1540  39.341
1541  44.021
1542  42.153
1543  39.042
1544  36.149
1545  42.882
1546  42.421
1547  42.376
1548  42.343
1549  42.371
1550  43.986
1551  42.664
1552  37.856
1553  37.608
1554  39.050
1555  35.631
1556  38.675
1557  36.462
1558  42.543
1559  36.031
1560  35.842
1561  36.200
1562  38.091
1563  39.235
1564  37.876
1565  38.353
1566  37.921
1567  41.153
1568  43.798
1569  35.047
1570  41.249
1571  37.528
1572  42.762
1573  35.601
1574  42.660
1575  39.102
1576  37.720
1577  37.286
1578  38.514
1579  35.844
1580  39.590
1581  38.955
1582  44.047
1583  42.967
1584  43.535
1585  41.925
1586  40.089
1587  39.655
1588  41.531
1589  35.655
1590  39.556
1591  38.272
1592  44.651
1593  44.843
1594  44.192
1595  20.901
1596  44.633
1597  37.464
1598  44.288
1599  40.747
1600  36.357
1601  38.871
1602  41.991
1603  38.412
1604  44.742
1605  35.634
1606  41.095
1607  35.666
1608  40.279
1609  44.883
1610  41.993
1611  42.913
1612  44.658
1613  43.302
1614  37.488
1615  36.424
1616  39.366
1617  36.023
1618  39.983
1619  42.201
1620  36.932
1621  39.793
1622  41.682
1623  39.265
1624  40.351
1625  40.342
1626  35.753
1627  38.145
1628  40.222
1629  42.665
1630  43.645
1631  40.681
1632  35.673
1633  41.379
1634  41.878
1635  35.973
1636  35.065
1637  39.267
1638  38.932
1639  44.988
1640  42.201
1641  43.898
1642  36.125
1643  43.453
1644  35.410
1645  36.001
1646  44.753
1647  42.152
1648  37.596
1649  41.452
1650  44.888
1651  41.170
1652  36.238
1653  38.240
1654  36.886
1655  36.342
1656  35.023
1657  42.216
1658  37.836
1659  42.578
1660  42.064
1661  41.589
1662  44.651
1663  44.867
1664  44.488
1665  40.167
1666  37.738
1667  37.165
1668  38.583
1669  42.156
1670  40.504
1671  35.832
1672  42.936
1673  41.513
1674  36.012
1675  44.326
1676  36.227
1677  36.118
1678  38.704
1679  39.093
1680  42.717
1681  40.931
1682  43.155
1683  37.458
1684  36.699
1685  35.354
1686  38.745
1687  38.614
1688  42.692
1689  36.135
1690  37.138
1691  40.374
1692  41.454
1693  36.825
1694  36.960
1695  37.781
1696  36.394
1697  40.796
1698  39.645
1699  41.439
1700  41.598
1701  44.770
1702  38.043
1703  43.086
1704  39.697
1705  35.573
1706  36.326
1707  37.854
1708  37.629
1709  39.356
1710  41.867
1711  42.357
1712  40.603
1713  43.624
1714  36.642
1715  44.053
1716  38.278
1717  42.728
1718  39.451
1719  44.179
1720  41.965
1721  39.715
1722  36.215
1723  39.348
1724  42.385
1725  41.459
1726  36.759
1727  42.968
1728  40.687
1729  41.821
1730  44.718
1731  39.913
1732  36.108
1733  40.406
1734  35.475
1735  42.868
1736  43.776
1737  43.536
1738  41.135
1739  39.749
1740  41.599
1741  36.651
1742  38.339
1743  39.035
1744  36.328
1745  43.639
1746  41.997
1747  43.453
1748  39.966
1749  37.367
1750  44.943
1751  39.747
1752  43.912
1753  37.256
1754  40.185
1755  42.038
1756  38.991
1757  39.886
1758  36.767
1759  37.852
1760  41.472
1761  42.211
1762  38.221
1763  43.500
1764  37.682
1765  43.084
1766  38.284
1767  35.667
1768  35.290
1769  42.687
1770  44.292
1771  39.934
1772  41.821
1773  35.043
1774  41.132
1775  41.285
1776  40.417
1777  41.672
1778  41.123
1779  38.739
1780  44.219
1781  42.972
1782  42.124
1783  40.476
1784  39.979
1785  44.717
1786  43.106
1787  38.999
1788  41.937
1789  38.799
1790  42.784
1791  35.330
1792  39.316
1793  39.688
1794  37.755
1795  36.495
1796  36.226
1797  37.044
1798  40.663
1799  44.575
1800  38.981
1801  41.307
1802  36.588
1803  43.026
1804  44.870
1805  38.477
1806  41.009
1807  37.614
1808  42.571
1809  44.553
1810  36.652
1811  43.761
1812  42.148
1813  39.990
1814  35.292
1815  37.244
1816  39.159
1817  36.082
1818  41.557
1819  35.902
1820  43.056
1821  38.268
1822  38.413
1823  38.742
1824  43.746
1825  35.674
1826  41.490
1827  37.276
1828  40.697
1829  36.363
1830  37.396
1831  42.686
1832  38.687
1833  39.315
1834  41.510
1835  42.227
1836  37.588
1837  42.015
1838  37.562
1839  37.063
1840  44.787
1841  36.840
1842  42.414
1843  37.081
1844  37.684
1845  44.864
1846  38.323
1847  44.220
1848  40.448
1849  39.573
1850  35.365
1851  42.890
1852  43.214
1853  37.366
1854  36.187
1855  38.979
1856  38.217
1857  43.063
1858  35.857
1859  37.430
1860  42.159
1861  40.660
1862  41.187
1863  44.746
1864  38.618
1865  41.355
1866  43.915
1867  42.165
1868  42.532
1869  39.878
1870  42.154
1871  35.321
1872  39.328
1873  40.594
1874  43.794
1875  43.895
1876  44.323
1877  43.987
1878  44.917
1879  37.020
1880  35.035
1881  44.657
1882  37.040
1883  42.164
1884  41.926
1885  41.767
1886  40.894
1887  39.851
1888  40.744
1889  38.912
1890  42.068
1891  42.291
1892  42.447
1893  37.809
1894  42.450
1895  42.002
1896  41.184
1897  37.929
1898  41.376
1899  36.508
1900  36.006
1901  41.917
1902  39.197
1903  38.271
1904  44.885
1905  40.859
1906  36.564
1907  37.361
1908  44.654
1909  43.333
1910  43.912
1911  43.319
1912  41.974
1913  43.780
1914  43.698
1915  44.611
1916  40.033
1917  36.966
1918  35.760
1919  41.955
1920  39.388
1921  36.315
1922  39.377
1923  42.154
1924  40.052
1925  44.888
1926  36.850
1927  41.328
1928  39.552
1929  42.537
1930  35.834
1931  44.173
1932  38.675
1933  40.743
1934  44.813
1935  41.909
1936  38.524
1937  39.561
1938  41.037
1939  44.874
1940  42.032
1941  43.507
1942  39.199
1943  42.863
1944  42.531
1945  41.043
1946  42.061
1947  35.492
1948  40.146
1949  44.366
1950  42.390
1951  41.291
1952  44.617
1953  43.552
1954  44.104
1955  37.243
1956  35.481
1957  40.115
1958  41.601
1959  37.778
1960  37.772
1961  39.362
1962  35.068
1963  39.523
1964  35.207
1965  36.254
1966  39.766
1967  42.630
1968  42.534
1969  36.370
1970  43.169
1971  35.865
1972  41.864
1973  36.387
1974  35.390
1975  43.796
1976  44.128
1977  35.407
1978  42.084
1979  37.848
1980  36.640
1981  35.654
1982  41.928
1983  40.169
1984  38.803
1985  35.573
1986  39.353
1987  41.862
1988  41.186
1989  40.734
1990  35.141
1991  43.242
1992  39.679
1993  43.688
1994  40.325
1995  40.434
1996  41.377
1997  39.346
1998  43.881
1999  35.813
2000  39.479
2001  40.712
2002  37.619
2003  40.081
2004  42.463
2005  36.936
2006  40.937
2007  42.968
2008  43.273
2009  36.257
2010  38.618
2011  41.710
2012  41.732
2013  39.167
2014  38.769
2015  39.457
2016  37.402
2017  44.758
2018  44.447
2019  36.281
2020  40.156
2021  40.015
2022  35.259
2023  42.886
2024  37.587
2025  40.522
2026  41.837
2027  43.321
2028  43.955
2029  43.780
2030  42.116
2031  35.237
2032  40.771
2033  42.311
2034  38.244
2035  39.580
2036  38.702
2037  36.323
2038  35.976
2039  42.503
2040  41.197
2041  41.806
2042  39.981
2043  35.697
2044  39.350
2045  42.810
2046  41.231
2047  37.475
2048  40.630
2049  41.333
2050  37.670
2051  41.160
2052  39.410
2053  43.369
2054  38.528
2055  36.572
2056  37.109
2057  41.384
2058  40.697
2059  40.506
2060  37.684
2061  41.122
2062  41.645
2063  41.448
2064  37.613
2065  40.861
2066  35.439
2067  37.607
2068  41.708
2069  36.934
2070  35.791
2071  44.111
2072  39.967
2073  44.788
2074  43.739
2075  42.274
2076  40.177
2077  38.182
2078  39.430
2079  40.356
2080  43.619
2081  42.144
2082  43.769
2083  40.437
2084  39.395
2085  43.959
2086  44.245
2087  38.161
2088  39.592
2089  41.459
2090  40.363
2091  44.197
2092  37.981
2093  41.954
2094  41.758
2095  39.214
2096  43.560
2097  41.204
2098  39.932
2099  39.022
2100  37.846
2101  38.835
2102  42.107
2103  38.342
2104  44.957
2105  39.639
2106  38.829
2107  41.155
2108  36.873
2109  40.379
2110  37.632
2111  40.968
2112  42.215
2113  37.265
2114  41.421
2115  43.786
2116  39.020
2117  42.931
2118  44.175
2119  42.512
2120  43.624
2121  39.330
2122  41.586
2123  42.929
2124  41.335
2125  38.091
2126  37.514
2127  35.103
2128  42.769
2129  40.745
2130  36.825
2131  41.127
2132  36.553
2133  39.930
2134  35.065
2135  35.591
2136  37.028
2137  42.760
2138  44.774
2139  42.753
2140  42.511
2141  35.121
2142  43.830
2143  43.276
2144  35.176
2145  39.917
2146  35.560
2147  41.696
2148  41.240
2149  38.442
2150  44.343
2151  39.879
2152  42.835
2153  37.074
2154  35.828
2155  36.636
2156  43.412
2157  41.194
2158  37.581
2159  37.514
2160  39.735
2161  36.075
2162  41.567
2163  38.790
2164  37.459
2165  37.952
2166  44.125
2167  37.733
2168  37.946
2169  40.141
2170  39.030
2171  39.795
2172  40.689
2173  37.948
2174  36.756
2175  39.678
2176  43.548
2177  37.265
2178  39.212
2179  41.478
2180  44.431
2181  43.651
2182  37.726
2183  43.020
2184  42.330
2185  40.852
2186  36.025
2187  40.847
2188  38.035
2189  35.267
2190  35.885
2191  38.925
2192  35.888
2193  40.237
2194  40.865
2195  35.662
2196  42.097
2197  40.615
2198  36.800
2199  36.844
2200  35.751
2201  35.792
2202  35.539
2203  40.439
2204  37.769
2205  36.953
2206  36.923
2207  40.115
2208  44.952
2209  41.645
2210  40.584
2211  43.589
2212  42.277
2213  42.329
2214  44.038
2215  41.224
2216  38.016
2217  38.596
2218  44.066
2219  36.225
2220  35.252
2221  37.560
2222  43.107
2223  44.171
2224  42.150
2225  43.273
2226  38.617
2227  36.118
2228  44.750
2229  41.713
2230  41.970
2231  43.868
2232  38.871
2233  42.711
2234  36.813
2235  40.499
2236  43.635
2237  35.905
2238  42.108
2239  39.994
2240  39.710
2241  40.481
2242  42.501
2243  44.479
2244  37.254
2245  38.445
2246  36.927
2247  16.142
2248  42.326
2249  37.081
2250  43.789
2251  41.368
2252  41.251
2253  42.377
2254  42.047
2255  40.383
2256  42.431
2257  40.971
2258  39.417
2259  41.094
2260  38.899
2261  37.343
2262  40.050
2263  40.734
2264  41.369
2265  39.592
2266  35.248
2267  42.089
2268  40.524
2269  40.754
2270  39.315
2271  40.797
2272  39.614
2273  36.389
2274  35.641
2275  43.893
2276  40.905
2277  42.779
2278  44.912
2279  44.797
2280  36.511
2281  38.474
2282  38.127
2283  35.918
2284  40.900
2285  39.729
2286  35.623
2287  39.409
2288  36.459
2289  41.611
2290  42.990
2291  36.241
2292  41.060
2293  37.670
2294  37.612
2295  43.768
2296  35.324
2297  42.131
2298  44.022
2299  43.971
2300  41.153
2301  44.972
2302  40.021
2303  44.300
2304  36.720
2305  40.231
2306  36.124
2307  36.046
2308  44.389
2309  44.824
2310  42.800
2311  39.391
2312  40.780
2313  39.333
2314  36.016
2315  38.930
2316  40.597
2317  40.738
2318  40.417
2319  38.275
2320  38.968
2321  44.724
2322  39.851
2323  42.914
2324  36.134
2325  43.198
2326  36.707
2327  40.783
2328  37.016
2329  41.383
2330  43.409
2331  35.262
2332  43.420
2333  35.334
2334  43.745
2335  40.619
2336  36.839
2337  41.597
2338  40.543
2339  40.638
2340  44.704
2341  43.527
2342  41.299
2343  36.571
2344  36.027
2345  35.666
2346  43.725
2347  39.600
2348  42.201
2349  43.034
2350  42.279
2351  38.960
2352  36.510
2353  40.722
2354  39.890
2355  38.572
2356  35.480
2357  36.881
2358  40.351
2359  37.060
2360  38.532
2361  40.482
2362  35.912
2363  37.297
2364  44.993
2365  35.033
2366  41.615
2367  38.698
2368  41.244
2369  38.637
2370  39.420
2371  43.718
2372  43.447
2373  39.271
2374  41.602
2375  36.759
2376  39.662
2377  38.069
2378  36.938
2379  41.509
2380  43.081
2381  43.337
2382  35.787
2383  38.556
2384  35.048
2385  39.449
2386  38.279
2387  38.937
2388  38.189
2389  35.073
2390  38.050
2391  39.339
2392  38.458
2393  44.167
2394  41.953
2395  38.980
2396  41.292
2397  40.733
2398  39.014
2399  35.401
2400  37.552
2401  40.605
2402  36.973
2403  41.676
2404  44.122
2405  38.471
2406  41.863
2407  41.243
2408  36.613
2409  43.587
2410  36.767
2411  40.330
2412  36.253
2413  41.343
2414  43.832
2415  35.439
2416  44.237
2417  44.074
2418  37.411
2419  35.465
2420  43.591
2421  40.780
2422  35.974
2423  35.009
2424  41.498
2425  41.839
2426  13.902
2427  37.700
2428  35.382
2429  38.387
2430  38.951
2431  36.466
2432  39.453
2433  43.868
2434  39.295
2435  43.798