1  40.262
2  44.714
3  44.243
4  38.136
5  42.824
6  38.278
7  44.929
8  43.939
9  42.306
10  39.513
11  35.314
12  39.840
13  44.680
14  39.574
15  41.007
16  44.817
17  40.106
18  41.988
19  44.060
20  39.512
21  40.110
22  42.170
23  42.115
24  42.456
25  37.297
26  41.061
27  44.019
28  38.358
29  40.015
30  39.204
31  37.466
32  43.554
33  36.833
34  37.315
35  37.056
36  35.105
37  42.668
38  39.291
39  42.515
40  40.760
41  37.243
42  43.113
43  40.298
44  39.240
45  39.465
46  41.351
47  41.121
48  43.266
49  44.261
50  44.552
51  38.884
52  44.182
53  37.853
54  41.194
55  40.906
56  37.175
57  39.760
58  44.706
59  42.585
60  43.181
61  38.682
62  37.725
63  35.229
64  42.599
65  44.508
66  42.112
67  36.941
68  44.163
69  36.553
70  44.922
71  43.736
72  40.254
73  43.904
74  39.787
75  37.186
76  42.860
77  41.339
78  37.043
79  27.803
80  36.561
81  40.379
82  43.892
83  43.661
84  37.222
85  44.481
86  40.273
87  35.126
88  42.517
89  37.239
90  38.830
91  36.245
92  39.360
93  42.951
94  35.849
95  40.447
96  44.205
97  35.141
98  36.822
99  40.092
100  41.953
101  40.719
102  41.792
103  36.638
104  38.664
105  39.881
106  36.741
107  42.339
108  35.285
109  42.077
110  39.565
111  37.919
112  37.047
113  36.302
114  37.030
115  42.621
116  41.551
117  43.308
118  39.293
119  44.905
120  35.643
121  42.313
122  43.566
123  40.911
124  42.671
125  36.501
126  37.905
127  43.806
128  42.723
129  44.682
130  38.136
131  44.101
132  41.453
133  40.264
134  43.073
135  44.055
136  43.401
137  35.999
138  41.277
139  36.140
140  42.601
141  35.932
142  39.216
143  44.356
144  37.072
145  40.281
146  42.468
147  38.697
148  35.284
149  42.205
150  42.953
151  35.313
152  35.600
153  35.484
154  43.717
155  42.626
156  42.308
157  36.609
158  43.095
159  42.029
160  39.361
161  36.121
162  37.083
163  42.128
164  39.561
165  36.043
166  39.417
167  41.499
168  37.388
169  37.454
170  44.772
171  37.768
172  43.141
173  40.482
174  35.772
175  43.009
176  35.849
177  39.004
178  41.841
179  37.322
180  43.872
181  44.132
182  40.000
183  36.138
184  40.611
185  41.296
186  44.259
187  37.792
188  39.810
189  41.118
190  43.604
191  36.893
192  44.490
193  37.808
194  39.584
195  40.863
196  40.541
197  36.789
198  43.182
199  44.648
200  42.212
201  41.274
202  39.714
203  40.740
204  38.296
205  43.217
206  37.846
207  36.943
208  39.267
209  39.502
210  44.906
211  36.890
212  44.230
213  43.367
214  37.131
215  39.847
216  38.784
217  39.454
218  42.745
219  39.006
220  43.347
221  37.993
222  43.092
223  37.505
224  42.872
225  37.564
226  44.455
227  38.865
228  36.566
229  41.663
230  38.465
231  37.972
232  44.537
233  41.677
234  36.737
235  38.923
236  44.031
237  41.138
238  39.739
239  38.186
240  42.951
241  41.627
242  39.543
243  39.801
244  44.014
245  36.285
246  40.827
247  37.617
248  42.677
249  35.190
250  39.056
251  42.440
252  41.245
253  36.123
254  43.732
255  37.466
256  44.886
257  40.644
258  40.109
259  35.925
260  36.157
261  35.776
262  41.360
263  36.912
264  39.194
265  40.229
266  43.044
267  41.399
268  44.251
269  40.610
270  39.923
271  44.405
272  40.672
273  44.968
274  41.379
275  39.320
276  44.186
277  37.112
278  36.846
279  44.043
280  44.632
281  42.615
282  41.917
283  41.173
284  42.919
285  42.595
286  44.341
287  43.906
288  39.404
289  39.390
290  39.253
291  38.025
292  38.698
293  43.115
294  38.782
295  36.800
296  38.233
297  37.874
298  36.940
299  40.130
300  44.562
301  43.579
302  39.852
303  37.070
304  35.320
305  44.985
306  41.485
307  41.501
308  41.779
309  44.062
310  40.293
311  43.394
312  44.258
313  37.071
314  41.328
315  42.765
316  44.627
317  35.602
318  36.429
319  40.517
320  41.525
321  39.839
322  44.255
323  40.791
324  36.273
325  44.870
326  42.168
327  35.127
328  36.519
329  37.363
330  39.870
331  40.690
332  44.701
333  42.358
334  36.807
335  40.722
336  37.230
337  36.222
338  39.733
339  44.906
340  35.015
341  37.516
342  35.050
343  37.911
344  40.561
345  40.797
346  44.433
347  43.061
348  39.427
349  43.666
350  36.626
351  39.810
352  43.960
353  42.854
354  39.394
355  39.787
356  35.274
357  42.011
358  36.972
359  44.356
360  37.709
361  43.835
362  44.768
363  36.062
364  44.798
365  37.253
366  41.891
367  42.849
368  39.020
369  36.698
370  36.881
371  35.982
372  38.267
373  37.746
374  44.778
375  35.073
376  37.662
377  38.147
378  39.503
379  39.592
380  41.111
381  37.232
382  42.126
383  36.919
384  43.910
385  37.865
386  38.215
387  44.324
388  44.967
389  37.054
390  41.671
391  42.387
392  35.800
393  41.005
394  43.818
395  37.379
396  35.432
397  37.993
398  35.817
399  39.403
400  35.499
401  38.367
402  36.803
403  43.481
404  35.933
405  44.293
406  41.617
407  41.263
408  43.014
409  43.742
410  44.521
411  35.422
412  37.673
413  40.246
414  38.181
415  38.153
416  37.973
417  36.449
418  36.997
419  41.968
420  42.550
421  35.642
422  42.432
423  44.020
424  40.339
425  41.492
426  35.425
427  35.616
428  38.755
429  38.296
430  39.741
431  40.919
432  43.350
433  42.741
434  40.963
435  41.175
436  42.466
437  37.535
438  38.505
439  44.592
440  44.533
441  44.929
442  43.662
443  41.273
444  41.059
445  41.343
446  39.259
447  41.300
448  36.445
449  43.571
450  39.715
451  35.567
452  36.698
453  40.332
454  43.352
455  43.179
456  38.280
457  36.790
458  42.375
459  36.838
460  41.327
461  39.308
462  36.935
463  41.027
464  42.756
465  41.243
466  37.580
467  42.619
468  38.776
469  37.917
470  41.801
471  42.009
472  44.288
473  39.718
474  44.726
475  37.056
476  35.758
477  44.877
478  36.919
479  42.515
480  36.711
481  35.169
482  38.135
483  36.713
484  36.873
485  39.517
486  37.661
487  44.212
488  35.913
489  37.268
490  43.525
491  41.042
492  44.223
493  38.321
494  44.780
495  40.082
496  43.455
497  35.578
498  36.416
499  40.561
500  38.087
501  42.791
502  36.511
503  43.967
504  39.169
505  43.756
506  42.961
507  39.876
508  38.237
509  37.102
510  39.265
511  39.137
512  40.346
513  35.649
514  38.590
515  43.082
516  35.107
517  43.920
518  42.927
519  36.689
520  37.685
521  39.530
522  43.157
523  39.453
524  41.134
525  37.568
526  42.142
527  41.685
528  44.433
529  41.716
530  39.920
531  35.525
532  39.784
533  41.243
534  35.999
535  42.519
536  43.458
537  43.865
538  37.938
539  43.916
540  38.557
541  42.941
542  39.678
543  44.196
544  41.328
545  42.670
546  41.613
547  40.879
548  37.056
549  41.637
550  40.456
551  38.072
552  37.148
553  37.534
554  38.595
555  44.926
556  38.216
557  44.404
558  40.148
559  40.095
560  35.926
561  37.226
562  41.611
563  41.264
564  42.783
565  38.099
566  38.570
567  38.763
568  37.677
569  41.185
570  37.018
571  42.294
572  43.320
573  40.198
574  38.878
575  42.260
576  39.585
577  38.437
578  37.605
579  41.252
580  42.046
581  35.438
582  36.816
583  43.749
584  40.686
585  44.247
586  39.730
587  37.273
588  39.528
589  36.816
590  40.042
591  37.472
592  37.048
593  44.466
594  44.940
595  44.172
596  39.335
597  38.247
598  38.526
599  36.446
600  36.304
601  42.049
602  43.506
603  42.826
604  35.230
605  40.900
606  40.087
607  35.435
608  41.704
609  36.552
610  44.264
611  42.000
612  42.779
613  35.627
614  35.634
615  39.099
616  38.045
617  41.198
618  35.241
619  35.096
620  44.316
621  42.303
622  44.647
623  36.403
624  42.952
625  38.867
626  39.039
627  41.236
628  41.616
629  40.597
630  43.248
631  37.728
632  44.170
633  40.899
634  44.192
635  41.943
636  35.084
637  42.427
638  38.259
639  43.835
640  38.598
641  43.328
642  40.755
643  43.133
644  44.007
645  43.467
646  43.889
647  39.148
648  42.419
649  41.014
650  37.259
651  36.379
652  36.464
653  37.350
654  43.771
655  36.366
656  37.855
657  38.130
658  42.428
659  40.886
660  41.141
661  39.897
662  43.566
663  42.495
664  44.808
665  35.523
666  38.776
667  38.758
668  39.719
669  38.042
670  41.242
671  40.091
672  36.548
673  42.113
674  39.154
675  37.418
676  36.966
677  38.254
678  41.852
679  44.029
680  37.251
681  39.608
682  43.789
683  38.979
684  42.397
685  40.130
686  36.592
687  36.975
688  41.786
689  40.507
690  42.913
691  35.227
692  36.181
693  35.611
694  43.310
695  37.856
696  37.932
697  35.107
698  41.021
699  38.267
700  35.768
701  36.684
702  42.223
703  35.879
704  37.701
705  36.855
706  37.881
707  44.350
708  35.678
709  44.493
710  44.229
711  35.112
712  42.914
713  38.073
714  43.278
715  42.706
716  37.211
717  42.474
718  43.549
719  40.206
720  36.324
721  38.534
722  42.536
723  42.986
724  43.044
725  44.909
726  41.505
727  35.301
728  39.512
729  38.573
730  41.415
731  41.012
732  44.687
733  41.174
734  35.356
735  36.690
736  37.661
737  41.468
738  38.649
739  39.603
740  35.260
741  35.138
742  41.356
743  37.502
744  40.648
745  36.030
746  36.826
747  41.148
748  37.475
749  38.968
750  39.581
751  36.953
752  44.723
753  39.991
754  42.326
755  44.971
756  39.713
757  39.393
758  43.821
759  35.485
760  41.186
761  35.647
762  35.205
763  41.109
764  36.385
765  35.795
766  38.356
767  40.065
768  40.091
769  35.653
770  41.402
771  42.889
772  35.229
773  43.570
774  36.230
775  36.742
776  42.656
777  44.897
778  38.403
779  41.836
780  36.245
781  38.951
782  42.130
783  36.212
784  44.371
785  42.483
786  36.418
787  42.088
788  41.660
789  39.137
790  43.231
791  41.477
792  43.975
793  37.809
794  38.183
795  36.729
796  43.091
797  42.232
798  43.091
799  37.443
800  36.853
801  36.530
802  41.543
803  41.787
804  43.167
805  42.384
806  37.350
807  36.442
808  44.203
809  35.507
810  44.154
811  37.426
812  42.803
813  42.560
814  39.041
815  35.228
816  42.408
817  14.481
818  43.882
819  42.616
820  42.529
821  42.109
822  41.986
823  38.641
824  39.905
825  40.430
826  39.802
827  44.661
828  38.556
829  37.654
830  41.708
831  36.483
832  44.798
833  35.307
834  36.144
835  38.676
836  38.632
837  43.586
838  35.679
839  41.086
840  39.299
841  35.116
842  40.886
843  39.506
844  38.878
845  44.674
846  40.028
847  37.892
848  38.922
849  39.802
850  38.490
851  42.443
852  41.466
853  36.104
854  35.309
855  44.906
856  44.614
857  42.988
858  37.575
859  41.272
860  37.156
861  41.805
862  36.978
863  36.970
864  38.111
865  37.297
866  42.944
867  44.367
868  42.535
869  41.323
870  43.463
871  40.314
872  37.240
873  37.078
874  37.407
875  38.755
876  40.406
877  38.343
878  38.083
879  42.355
880  38.028
881  42.973
882  38.853
883  43.606
884  38.119
885  44.141
886  36.591
887  38.654
888  43.854
889  42.576
890  43.127
891  39.759
892  43.902
893  36.736
894  42.584
895  37.998
896  43.396
897  43.705
898  40.772
899  43.448
900  35.175
901  43.637
902  43.928
903  44.312
904  39.209
905  42.908
906  43.903
907  38.139
908  39.725
909  35.681
910  36.869
911  39.369
912  40.288
913  44.067
914  35.652
915  39.692
916  38.854
917  40.575
918  39.813
919  39.172
920  42.534
921  37.447
922  40.393
923  39.701
924  42.965
925  36.101
926  41.882
927  36.886
928  40.521
929  36.192
930  38.413
931  43.607
932  38.723
933  37.364
934  38.359
935  42.242
936  36.249
937  40.451
938  44.621
939  41.176
940  40.729
941  36.544
942  38.170
943  36.828
944  44.911
945  40.214
946  41.636
947  36.541
948  40.507
949  42.233
950  35.760
951  36.390
952  44.053
953  36.719
954  38.943
955  35.268
956  43.895
957  40.542
958  43.813
959  43.094
960  35.239
961  36.149
962  44.485
963  38.758
964  42.546
965  44.036
966  43.877
967  40.289
968  38.549
969  39.161
970  39.527
971  39.825
972  38.062
973  43.856
974  44.265
975  36.266
976  44.835
977  41.757
978  39.176
979  40.863
980  43.633
981  39.860
982  43.159
983  43.492
984  40.045
985  43.118
986  43.480
987  36.748
988  38.237
989  42.345
990  37.879
991  37.829
992  37.383
993  38.302
994  36.813
995  44.136
996  40.236
997  35.908
998  42.626
999  35.648
1000  43.824
1001  37.855
1002  44.274
1003  35.906
1004  39.518
1005  37.049
1006  36.000
1007  41.765
1008  40.590
1009  41.714
1010  39.680
1011  42.124
1012  37.509
1013  37.196
1014  40.264
1015  35.709
1016  35.964
1017  39.899
1018  37.415
1019  40.993
1020  44.905
1021  38.123
1022  43.705
1023  40.471
1024  38.453
1025  41.227
1026  36.761
1027  37.839
1028  39.187
1029  43.144
1030  40.334
1031  35.227
1032  35.574
1033  38.531
1034  35.939
1035  41.183
1036  41.742
1037  36.825
1038  41.178
1039  38.857
1040  37.952
1041  37.584
1042  37.377
1043  41.026
1044  42.714
1045  39.380
1046  39.358
1047  35.966
1048  35.472
1049  44.921
1050  38.614
1051  40.588
1052  35.355
1053  36.182
1054  36.891
1055  41.361
1056  37.764
1057  37.883
1058  44.007
1059  38.978
1060  38.509
1061  39.715
1062  38.020
1063  35.200
1064  43.087
1065  38.772
1066  36.523
1067  36.729
1068  41.520
1069  37.118
1070  38.992
1071  39.806
1072  41.416
1073  35.507
1074  41.912
1075  35.867
1076  36.056
1077  35.539
1078  39.202
1079  42.221
1080  38.368
1081  39.467
1082  40.604
1083  38.591
1084  37.174
1085  44.358
1086  39.928
1087  41.348
1088  39.193
1089  44.349
1090  40.951
1091  43.732
1092  39.671
1093  36.567
1094  36.725
1095  39.465
1096  40.032
1097  42.579
1098  44.204
1099  39.236
1100  43.603
1101  38.879
1102  37.140
1103  35.226
1104  39.139
1105  40.720
1106  35.499
1107  37.344
1108  41.982
1109  44.553
1110  43.633
1111  37.189
1112  41.787
1113  43.428
1114  43.450
1115  35.197
1116  37.697
1117  37.503
1118  35.277
1119  42.296
1120  36.358
1121  39.258
1122  40.714
1123  43.054
1124  42.874
1125  40.445
1126  39.391
1127  43.812
1128  44.974
1129  38.583
1130  36.704
1131  39.189
1132  36.815
1133  37.858
1134  35.112
1135  43.580
1136  36.687
1137  44.786
1138  43.785
1139  44.956
1140  35.011
1141  38.113
1142  39.309
1143  44.293
1144  43.043
1145  40.330
1146  44.806
1147  36.102
1148  43.809
1149  41.618
1150  37.247
1151  39.585
1152  38.465
1153  36.985
1154  44.948
1155  38.345
1156  39.131
1157  37.195
1158  36.487
1159  37.338
1160  43.314
1161  38.991
1162  44.446
1163  42.977
1164  38.714
1165  36.682
1166  37.884
1167  38.472
1168  36.826
1169  36.548
1170  35.157
1171  37.838
1172  40.744
1173  36.500
1174  39.457
1175  44.255
1176  41.212
1177  40.306
1178  42.368
1179  40.951
1180  42.596
1181  35.792
1182  43.103
1183  37.865
1184  44.495
1185  44.849
1186  38.426
1187  43.844
1188  39.878
1189  44.589
1190  35.461
1191  35.919
1192  36.153
1193  35.071
1194  38.072
1195  40.914
1196  37.454
1197  40.771
1198  40.392
1199  39.068
1200  42.069
1201  40.639
1202  40.604
1203  39.081
1204  44.839
1205  40.946
1206  37.475
1207  43.893
1208  36.151
1209  37.949
1210  36.785
1211  41.428
1212  39.035
1213  43.876
1214  40.917
1215  39.866
1216  38.156
1217  43.889
1218  43.239
1219  35.145
1220  36.296
1221  37.336
1222  36.888
1223  43.780
1224  43.744
1225  43.354
1226  36.970
1227  43.335
1228  44.436
1229  37.020
1230  38.284
1231  36.125
1232  41.867
1233  39.020
1234  43.677
1235  40.980
1236  42.098
1237  41.438
1238  35.274
1239  43.382
1240  16.504
1241  41.876
1242  35.632
1243  36.763
1244  42.133
1245  37.123
1246  40.873
1247  38.516
1248  39.363
1249  37.965
1250  39.720
1251  36.786
1252  38.015
1253  43.481
1254  39.152
1255  35.615
1256  40.415
1257  42.467
1258  43.791
1259  42.060
1260  36.316
1261  37.407
1262  39.383
1263  42.182
1264  41.997
1265  36.808
1266  43.035
1267  44.875
1268  38.102
1269  42.665
1270  35.311
1271  38.803
1272  44.613
1273  35.491
1274  43.373
1275  38.242
1276  35.000
1277  40.154
1278  37.110
1279  37.975
1280  42.864
1281  40.726
1282  35.146
1283  44.104
1284  44.480
1285  40.217
1286  44.530
1287  39.776
1288  42.042
1289  36.823
1290  40.818
1291  36.967
1292  42.753
1293  43.816
1294  37.323
1295  41.312
1296  36.116
1297  44.469
1298  36.897
1299  35.386
1300  38.849
1301  36.336
1302  35.115
1303  36.361
1304  39.121
1305  37.621
1306  36.898
1307  36.741
1308  36.197
1309  37.362
1310  35.981
1311  38.586
1312  43.177
1313  39.799
1314  35.916
1315  39.544
1316  40.424
1317  39.220
1318  37.910
1319  37.918
1320  41.777
1321  37.713
1322  38.328
1323  42.144
1324  35.069
1325  38.139
1326  36.893
1327  43.170
1328  40.618
1329  39.528
1330  39.489
1331  36.119
1332  37.670
1333  36.282
1334  44.688
1335  42.282
1336  39.826
1337  35.799
1338  42.765
1339  43.516
1340  44.743
1341  44.630
1342  39.242
1343  43.745
1344  40.176
1345  41.991
1346  39.539
1347  37.417
1348  42.029
1349  39.644
1350  42.491
1351  36.529
1352  37.034
1353  42.608
1354  38.436
1355  37.541
1356  37.364
1357  39.637
1358  40.471
1359  37.741
1360  35.763
1361  38.957
1362  44.633
1363  41.596
1364  40.712
1365  37.011
1366  35.707
1367  41.800
1368  36.486
1369  40.889
1370  43.593
1371  43.652
1372  41.950
1373  37.303
1374  37.529
1375  42.545
1376  38.536
1377  39.074
1378  40.065
1379  36.392
1380  40.170
1381  40.780
1382  37.309
1383  44.973
1384  35.780
1385  44.722
1386  41.802
1387  39.713
1388  35.056
1389  44.845
1390  36.549
1391  38.040
1392  42.679
1393  40.853
1394  43.355
1395  36.259
1396  36.613
1397  41.437
1398  37.157
1399  44.254
1400  41.959
1401  37.133
1402  42.792
1403  40.006
1404  35.592
1405  38.509
1406  36.233
1407  35.492
1408  36.818
1409  38.399
1410  42.010
1411  44.848
1412  39.242
1413  44.325
1414  43.511
1415  35.939
1416  40.042
1417  39.558
1418  37.397
1419  42.559
1420  35.404
1421  36.172
1422  41.238
1423  42.389
1424  42.283
1425  35.531
1426  44.768
1427  38.866
1428  40.575
1429  38.755
1430  43.109
1431  41.674
1432  42.454
1433  37.925
1434  38.574
1435  41.103
1436  36.853
1437  40.187
1438  39.933
1439  43.091
1440  37.627
1441  44.386
1442  35.555
1443  44.714
1444  40.986
1445  36.389
1446  37.132
1447  36.791
1448  39.673
1449  44.788
1450  37.729
1451  43.055
1452  44.981
1453  38.581
1454  36.192
1455  44.780
1456  41.124
1457  44.605
1458  40.562
1459  39.106
1460  40.962
1461  38.809
1462  42.118
1463  44.935
1464  39.188
1465  43.357
1466  38.748
1467  39.618
1468  40.412
1469  40.305
1470  37.120
1471  44.848
1472  39.949
1473  43.893
1474  44.562
1475  36.459
1476  35.666
1477  37.075
1478  42.719
1479  44.193
1480  39.883
1481  44.018
1482  42.037
1483  35.209
1484  40.778
1485  44.124
1486  40.456
1487  38.270
1488  39.475
1489  38.950
1490  43.167
1491  41.141
1492  36.527
1493  41.413
1494  42.914
1495  42.643
1496  40.752
1497  41.766
1498  41.439
1499  35.965
1500  39.020
1501  44.372
1502  38.579
1503  39.744
1504  44.718
1505  39.461
1506  37.993
1507  35.816
1508  36.984
1509  44.967
1510  35.937
1511  38.692
1512  38.963
1513  35.857
1514  36.882
1515  37.656
1516  38.771
1517  41.331
1518  38.591
1519  36.575
1520  40.040
1521  38.562
1522  44.054
1523  39.081
1524  44.932
1525  41.893
1526  35.069
1527  41.422
1528  36.134
1529  44.302
1530  35.908
1531  37.033
1532  43.286
1533  44.227
1534  39.202
1535  41.279
1536  35.237
1537  43.689
1538  40.979
1539  37.476
1540  38.776
1541  36.482
1542  44.973
1543  43.901
1544  37.648
1545  43.065
1546  43.466
1547  44.847
1548  36.179
1549  42.559
1550  42.516
1551  37.566
1552  39.040
1553  36.168
1554  38.707
1555  41.176
1556  43.231
1557  39.974
1558  42.897
1559  40.384
1560  35.306
1561  41.519
1562  43.364
1563  41.540
1564  37.072
1565  39.925
1566  39.011
1567  42.843
1568  38.330
1569  11.139
1570  35.655
1571  40.089
1572  38.923
1573  41.321
1574  43.984
1575  41.884
1576  39.299
1577  40.606
1578  36.094
1579  39.766
1580  37.537
1581  42.583
1582  37.599
1583  37.401
1584  43.869
1585  41.127
1586  43.904
1587  35.082
1588  44.061
1589  38.257
1590  44.153
1591  38.243
1592  42.496
1593  43.595
1594  40.547
1595  36.424
1596  43.021
1597  38.502
1598  35.162
1599  35.624
1600  40.382
1601  41.492
1602  39.078
1603  39.671
1604  36.087
1605  41.043
1606  39.385
1607  36.454
1608  39.103
1609  42.810
1610  37.921
1611  35.299
1612  40.624
1613  35.177
1614  42.429
1615  36.671
1616  40.266
1617  43.079
1618  41.121
1619  37.951
1620  44.860
1621  36.669
1622  38.938
1623  43.560
1624  43.328
1625  40.824
1626  38.737
1627  40.862
1628  44.044
1629  37.829
1630  40.390
1631  42.059
1632  41.583
1633  36.745
1634  42.784
1635  35.940
1636  39.971
1637  43.039
1638  36.212
1639  37.235
1640  39.382
1641  38.562
1642  42.205
1643  42.755
1644  37.497
1645  40.037
1646  37.213
1647  37.421
1648  37.991
1649  38.905
1650  39.395
1651  38.113
1652  38.769
1653  39.856
1654  42.323
1655  42.129
1656  42.451
1657  42.711
1658  37.517
1659  39.702
1660  40.665
1661  36.202
1662  43.997
1663  40.008
1664  42.359
1665  35.680
1666  35.456
1667  43.157
1668  35.391
1669  44.815
1670  35.597
1671  42.814
1672  41.975
1673  37.475
1674  40.391
1675  43.212
1676  37.102
1677  42.361
1678  40.442
1679  42.051
1680  43.315
1681  43.214
1682  39.092
1683  41.676
1684  36.956
1685  39.474
1686  37.766
1687  39.521
1688  35.281
1689  36.187
1690  40.363
1691  41.667
1692  44.505
1693  37.703
1694  40.687
1695  43.812
1696  42.239
1697  36.195
1698  36.716
1699  38.488
1700  43.731
1701  38.925
1702  38.659
1703  38.167
1704  41.176
1705  43.804
1706  40.316
1707  37.906
1708  35.711
1709  37.375
1710  39.939
1711  35.468
1712  44.312
1713  36.389
1714  35.517
1715  43.164
1716  41.179
1717  42.853
1718  37.536
1719  35.957
1720  43.221
1721  42.703
1722  44.371
1723  37.541
1724  43.664
1725  39.235
1726  36.020
1727  39.362
1728  37.385
1729  41.007
1730  43.444
1731  35.655
1732  41.004
1733  40.793
1734  41.564
1735  39.310
1736  37.197
1737  44.468
1738  35.242
1739  43.034
1740  38.029
1741  36.649
1742  40.573
1743  44.980
1744  44.814
1745  35.179
1746  44.291
1747  44.639
1748  40.826
1749  15.103
1750  41.663
1751  37.975
1752  35.327
1753  40.295
1754  41.479
1755  43.731
1756  43.450
1757  38.945
1758  43.249
1759  41.345
1760  40.222
1761  40.516
1762  36.286
1763  40.021
1764  39.020
1765  35.219
1766  43.124
1767  40.877
1768  41.923
1769  43.124
1770  42.174
1771  44.348
1772  39.844
1773  44.771
1774  43.072
1775  43.844
1776  41.061
1777  43.118
1778  41.940
1779  39.966
1780  36.629
1781  35.836
1782  40.970
1783  39.831
1784  35.158
1785  40.498
1786  41.894
1787  44.698
1788  39.640
1789  44.079
1790  36.610
1791  38.895
1792  41.127
1793  39.842
1794  38.202
1795  39.840
1796  35.857
1797  42.167
1798  42.466
1799  43.595
1800  39.076
1801  36.391
1802  40.737
1803  36.525
1804  36.405
1805  44.077
1806  38.001
1807  41.470
1808  43.136
1809  42.692
1810  40.428
1811  37.073
1812  44.168
1813  39.185
1814  39.794
1815  37.232
1816  41.706
1817  40.520
1818  38.388
1819  38.720
1820  44.430
1821  44.006
1822  38.847
1823  36.633
1824  38.547
1825  35.287
1826  39.176
1827  44.051
1828  42.968
1829  44.414
1830  44.249
1831  42.118
1832  39.491
1833  40.277
1834  42.071
1835  41.850
1836  39.344
1837  35.620
1838  38.628
1839  36.287
1840  43.107
1841  42.230
1842  36.173
1843  38.666
1844  37.553
1845  35.243
1846  43.835
1847  44.634
1848  44.782
1849  37.812
1850  40.713
1851  41.763
1852  39.164
1853  36.917
1854  41.121
1855  38.517
1856  43.663
1857  44.910
1858  40.515
1859  39.638
1860  38.187
1861  36.070
1862  41.400
1863  35.519
1864  44.641
1865  40.198
1866  41.897
1867  43.547
1868  42.515
1869  39.413
1870  40.082
1871  35.209
1872  36.673
1873  42.600
1874  40.818
1875  37.664
1876  43.446
1877  41.811
1878  41.317
1879  43.531
1880  41.521
1881  36.922
1882  37.159
1883  43.498
1884  37.708
1885  36.808
1886  39.345
1887  40.884
1888  41.733
1889  41.792
1890  36.920
1891  39.241
1892  43.504
1893  44.539
1894  36.213
1895  40.360
1896  35.419
1897  42.291
1898  36.030
1899  42.139
1900  41.309
1901  38.800
1902  40.821
1903  37.387
1904  40.037
1905  39.315
1906  41.258
1907  37.411
1908  42.315
1909  38.399
1910  36.121
1911  39.933
1912  39.053
1913  42.487
1914  36.631
1915  42.428
1916  38.058
1917  43.370
1918  35.203
1919  42.123
1920  35.137
1921  39.662
1922  42.623
1923  38.737
1924  41.798
1925  40.102
1926  41.046
1927  36.886
1928  39.482
1929  35.699
1930  44.452
1931  41.930
1932  41.751
1933  37.058
1934  44.811
1935  41.973
1936  42.360
1937  43.252
1938  36.702
1939  36.495
1940  37.339
1941  36.155
1942  36.787
1943  39.543
1944  44.000
1945  41.128
1946  37.661
1947  35.606
1948  36.257
1949  37.413
1950  35.079
1951  43.671
1952  35.015
1953  42.491
1954  44.940
1955  40.017
1956  38.511
1957  36.100
1958  44.739
1959  35.715
1960  38.303
1961  44.805
1962  36.267
1963  37.282
1964  42.434
1965  41.616
1966  41.161
1967  44.318
1968  39.578
1969  41.582
1970  36.792
1971  40.142
1972  44.095
1973  36.358
1974  35.440
1975  37.254
1976  36.987
1977  41.144
1978  37.126
1979  39.271
1980  37.304
1981  38.383
1982  40.363
1983  44.664
1984  43.611
1985  35.162
1986  38.599
1987  43.303
1988  41.732
1989  38.983
1990  41.090
1991  44.965
1992  44.790
1993  40.682
1994  42.243
1995  39.109
1996  35.230
1997  42.889
1998  37.260
1999  43.552
2000  35.794
2001  42.211
2002  35.098
2003  42.283
2004  37.835
2005  42.954
2006  44.793
2007  38.452
2008  42.922
2009  36.162
2010  42.302
2011  40.232
2012  35.043
2013  36.169
2014  38.401
2015  43.593
2016  37.113
2017  36.487
2018  36.923
2019  43.140
2020  38.313
2021  42.280
2022  41.297
2023  40.681
2024  39.346
2025  42.241
2026  43.714
2027  35.577
2028  40.653
2029  41.431
2030  39.931
2031  36.930
2032  40.500
2033  35.537
2034  42.411
2035  37.532
2036  35.507
2037  44.157
2038  41.376
2039  43.692
2040  43.259
2041  41.966
2042  42.875
2043  44.812
2044  43.813
2045  44.496
2046  41.918
2047  42.430
2048  39.402
2049  39.381
2050  43.262
2051  40.733
2052  36.374
2053  39.654
2054  38.488
2055  40.508
2056  42.439
2057  38.942
2058  37.638
2059  41.480
2060  36.148
2061  43.235
2062  43.151
2063  37.196
2064  39.697
2065  38.715
2066  38.699
2067  35.982
2068  43.037
2069  35.249
2070  40.514
2071  39.244
2072  42.802
2073  40.913
2074  41.906
2075  37.079
2076  37.086
2077  36.391
2078  35.725
2079  44.484
2080  39.742
2081  42.892
2082  44.554
2083  42.660
2084  44.563
2085  41.572
2086  35.478
2087  39.788
2088  43.068
2089  37.355
2090  35.579
2091  44.891
2092  40.202
2093  43.190
2094  39.190
2095  41.413
2096  38.450
2097  39.794
2098  38.493
2099  39.860
2100  44.402
2101  43.391
2102  43.009
2103  36.072
2104  35.041
2105  36.823
2106  43.543
2107  36.250
2108  40.531
2109  38.635
2110  41.628
2111  43.817
2112  40.166
2113  37.223
2114  42.025
2115  41.823
2116  40.905
2117  44.114
2118  42.626
2119  35.420
2120  40.874
2121  37.459
2122  40.870
2123  38.443
2124  36.622
2125  40.939
2126  35.080
2127  38.275
2128  37.047
2129  37.641
2130  42.449
2131  44.522
2132  42.098
2133  39.881
2134  36.309
2135  36.638
2136  39.249
2137  36.589
2138  41.267
2139  36.475
2140  37.409
2141  43.458
2142  38.553
2143  42.412
2144  42.437
2145  44.120
2146  42.595
2147  36.965
2148  42.046
2149  42.583
2150  38.271
2151  35.587
2152  35.507
2153  39.960
2154  38.403
2155  41.645
2156  37.364
2157  38.957
2158  41.570
2159  39.373
2160  41.051
2161  36.928
2162  42.886
2163  44.856
2164  36.029
2165  43.551
2166  36.482
2167  41.510
2168  40.140
2169  37.875
2170  44.327
2171  44.671
2172  39.364
2173  41.991
2174  41.844
2175  36.525
2176  37.337
2177  38.593
2178  37.415
2179  36.910
2180  37.533
2181  44.454
2182  37.903
2183  37.797
2184  44.265
2185  35.911
2186  41.929
2187  38.256
2188  36.970
2189  42.719
2190  35.221
2191  35.912
2192  37.073
2193  35.963
2194  37.896
2195  42.539
2196  44.772
2197  40.431
2198  35.463
2199  36.051
2200  36.365
2201  33.089
2202  36.759
2203  38.612
2204  40.062
2205  44.678
2206  44.570
2207  35.462
2208  36.609
2209  35.967
2210  38.106
2211  44.089
2212  40.911
2213  37.340
2214  42.194
2215  39.229
2216  41.233
2217  40.012
2218  35.681
2219  39.402
2220  38.824
2221  43.331
2222  44.104
2223  36.096
2224  40.603
2225  40.150
2226  36.736
2227  41.118
2228  42.337
2229  42.252
2230  42.550
2231  40.202
2232  40.152
2233  35.902
2234  39.107
2235  36.710
2236  41.833
2237  37.890
2238  35.468
2239  37.244
2240  35.460
2241  42.549
2242  37.859
2243  36.143
2244  40.268
2245  38.257
2246  35.290
2247  40.961
2248  43.611
2249  44.666
2250  39.952
2251  42.250
2252  38.641
2253  38.713
2254  36.498
2255  44.372
2256  42.296
2257  39.939
2258  28.384
2259  38.734
2260  42.315
2261  37.241
2262  44.546
2263  38.355
2264  42.038
2265  42.069
2266  42.033
2267  44.092
2268  41.515
2269  42.252
2270  37.545
2271  42.277
2272  40.480
2273  37.646
2274  41.466
2275  39.243
2276  42.761
2277  36.751
2278  41.324
2279  39.568
2280  42.730
2281  44.452
2282  41.828
2283  35.532
2284  35.999
2285  38.312
2286  43.628
2287  40.771
2288  39.599
2289  42.311
2290  35.673
2291  35.685
2292  29.708
2293  39.054
2294  39.016
2295  40.598
2296  36.807
2297  36.440
2298  38.253
2299  41.719
2300  40.550
2301  43.513
2302  43.826
2303  39.855
2304  36.743
2305  38.176
2306  39.197
2307  42.308
2308  42.328
2309  36.314
2310  38.444
2311  38.364
2312  40.366
2313  39.953
2314  44.461
2315  41.216
2316  43.023
2317  35.875
2318  37.784
2319  42.038
2320  39.700
2321  41.191
2322  35.265
2323  39.777
2324  39.066
2325  37.041
2326  41.704
2327  42.746
2328  41.596
2329  37.535
2330  36.214
2331  41.740
2332  43.212
2333  35.972
2334  43.249
2335  39.233
2336  39.220
2337  44.441
2338  37.925
2339  37.352
2340  43.267
2341  35.119
2342  43.245
2343  40.946
2344  35.936
2345  44.516
2346  42.898
2347  37.950
2348  42.127
2349  36.441
2350  35.478
2351  41.721
2352  42.553
2353  39.488
2354  35.987
2355  42.753
2356  40.751
2357  35.142
2358  36.570
2359  35.428
2360  39.317
2361  36.344
2362  39.264
2363  38.688
2364  42.064
2365  44.815
2366  39.554
2367  37.145
2368  37.250
2369  38.795
2370  37.473
2371  35.859
2372  36.062
2373  44.413
2374  36.234
2375  36.360
2376  37.210
2377  39.885
2378  40.646
2379  38.216
2380  39.923
2381  40.592
2382  43.226
2383  38.513
2384  35.348
2385  35.769
2386  39.852
2387  37.332
2388  44.133
2389  38.107
2390  42.216
2391  43.367
2392  40.921
2393  44.095
2394  42.406
2395  37.847
2396  40.054
2397  35.566
2398  35.453
2399  38.756
2400  39.941
2401  39.046
2402  36.629
2403  40.261
2404  38.230
2405  38.944
2406  39.431
2407  36.078
2408  43.453
2409  42.015
2410  44.850
2411  27.315
2412  40.169
2413  44.215
2414  36.044
2415  42.279
2416  35.594
2417  38.270
2418  35.022
2419  43.325
2420  35.075
2421  37.798
2422  43.948
2423  40.882
2424  42.173
2425  44.522
2426  42.170
2427  44.667
2428  37.771
2429  42.571
2430  43.790
2431  43.363
2432  43.591
2433  35.607
2434  38.050
2435  41.598
2436  35.950
2437  43.711
2438  44.874
2439  42.431
2440  38.398
2441  40.361
2442  40.494
2443  40.401
2444  38.409
2445  36.441
2446  39.046
2447  39.515
2448  35.392
2449  40.351
2450  35.782
2451  44.910
2452  39.163
2453  39.154
2454  41.102
2455  41.353
2456  39.154
2457  43.382
2458  38.800
2459  41.493
2460  41.927
2461  35.285
2462  38.385
2463  39.223
2464  39.051
2465  37.489
2466  41.923
2467  44.966
2468  36.087
2469  35.185
2470  41.534
2471  37.204
2472  44.704
2473  44.295
2474  39.279
2475  38.553
2476  41.911
2477  42.559
2478  41.030
2479  43.808
2480  41.223
2481  36.897
2482  35.459
2483  36.493
2484  37.280
2485  37.747
2486  39.249
2487  35.013
2488  44.990
2489  40.357
2490  37.391
2491  43.434
2492  36.970
2493  41.507
2494  36.788
2495  44.139
2496  42.544
2497  42.123
2498  40.216
2499  38.130
2500  41.087
2501  44.546
2502  43.256
2503  42.115
2504  40.898
2505  36.397
2506  36.651
2507  35.482
2508  35.228
2509  38.933
2510  19.452
2511  39.141
2512  41.562
2513  35.516
2514  37.279
2515  38.835
2516  39.263
2517  37.012
2518  42.928
2519  42.153
2520  38.086
2521  39.775
2522  42.847
2523  39.895
2524  40.738
2525  39.360
2526  37.217
2527  40.058
2528  43.320
2529  37.855
2530  35.025
2531  40.297
2532  43.260
2533  37.572
2534  42.857
2535  40.171
2536  41.686
2537  40.264
2538  40.369
2539  37.042
2540  39.279
2541  35.655
2542  35.126
2543  42.220
2544  38.915
2545  35.492
2546  42.297
2547  40.637
2548  44.112
2549  36.150
2550  40.447
2551  38.673
2552  39.418
2553  40.270
2554  42.419
2555  44.580
2556  36.610
2557  40.454
2558  37.004
2559  35.343
2560  43.650
2561  35.531
2562  39.256
2563  37.509
2564  35.725
2565  39.719
2566  43.297
2567  38.814
2568  38.340
2569  43.511
2570  38.576
2571  36.972
2572  44.780
2573  38.225
2574  44.227
2575  36.247
2576  36.315
2577  35.402
2578  37.488
2579  41.859
2580  39.369
2581  37.731
2582  39.203
2583  44.512
2584  40.782
2585  42.925
2586  39.900
2587  35.933
2588  44.072
2589  36.652
2590  44.139
2591  37.997
2592  41.684
2593  42.393
2594  36.555
2595  35.922
2596  39.686
2597  39.411
2598  44.579
2599  35.221
2600  37.191
2601  43.094
2602  42.944
2603  44.336
2604  39.999
2605  42.581
2606  41.354
2607  38.209
2608  43.882
2609  39.944
2610  44.734
2611  43.667
2612  37.161
2613  40.835
2614  40.425
2615  39.595
2616  40.347
2617  39.212
2618  40.604
2619  35.140
2620  43.951
2621  42.944
2622  38.335
2623  40.689
2624  39.991
2625  44.652
2626  37.466
2627  41.179
2628  42.402
2629  36.705
2630  42.939
2631  36.679
2632  44.299
2633  37.076
2634  38.367
2635  37.724
2636  39.850
2637  39.755
2638  44.986
2639  44.864
2640  42.878
2641  41.088
2642  39.134
2643  40.267
2644  39.721
2645  36.819
2646  35.945
2647  36.396
2648  37.702
2649  36.731
2650  39.939
2651  44.744
2652  39.787
2653  38.006
2654  44.405
2655  39.264
2656  35.188
2657  35.224
2658  40.533
2659  44.164
2660  39.762
2661  41.210
2662  38.657
2663  43.840
2664  44.479
2665  40.700
2666  41.604
2667  42.757
2668  36.649
2669  36.891
2670  44.957
2671  36.520
2672  42.253
2673  37.973
2674  37.213
2675  35.931
2676  40.075
2677  42.179
2678  35.455
2679  43.828
2680  42.683
2681  44.101
2682  42.701
2683  44.236
2684  37.453
2685  42.270
2686  39.959
2687  41.457
2688  42.551
2689  43.502
2690  36.166
2691  35.706
2692  40.597
2693  38.898
2694  44.273
2695  37.316
2696  35.555
2697  37.612
2698  42.314
2699  36.871
2700  41.442
2701  35.604
2702  38.072
2703  39.092
2704  40.717
2705  43.352
2706  36.123
2707  44.828
2708  39.432
2709  40.959
2710  37.318
2711  40.104
2712  42.930
2713  35.109
2714  39.202
2715  44.138
2716  38.504
2717  36.976
2718  35.196
2719  38.572
2720  40.709
2721  42.190
2722  36.552
2723  43.950
2724  44.801
2725  35.345
2726  38.140
2727  41.175
2728  44.804
2729  44.095
2730  38.508
2731  44.726
2732  36.840
2733  36.563
2734  35.054
2735  37.250
2736  43.815
2737  44.230
2738  42.983
2739  40.744
2740  43.989
2741  39.356
2742  41.221
2743  38.337
2744  36.432
2745  38.737
2746  42.038
2747  42.989
2748  40.423
2749  44.846
2750  42.252
2751  36.177
2752  44.318
2753  41.337
2754  43.277
2755  44.219
2756  41.443
2757  44.725
2758  44.930
2759  42.185
2760  42.838
2761  43.627
2762  35.480
2763  44.783
2764  43.224
2765  40.871
2766  37.056
2767  36.940
2768  44.082
2769  39.975
2770  42.353
2771  44.104
2772  38.947
2773  44.738
2774  35.811
2775  41.183
2776  44.271
2777  36.846
2778  44.097
2779  40.677
2780  39.822
2781  37.201
2782  40.060
2783  43.237
2784  40.351
2785  41.516
2786  35.553
2787  36.172
2788  43.816
2789  38.941
2790  39.547
2791  38.617
2792  41.079
2793  42.414
2794  36.044
2795  44.107
2796  38.317
2797  43.290
2798  38.270
2799  38.681
2800  43.449
2801  40.462
2802  39.094
2803  43.630
2804  35.840
2805  43.737
2806  39.154
2807  41.399
2808  40.567
2809  39.135
2810  43.226
2811  43.800
2812  38.842
2813  36.456
2814  43.319
2815  41.472
2816  40.525
2817  38.360
2818  35.614
2819  44.275
2820  38.838
2821  40.684
2822  44.786
2823  38.381
2824  41.649
2825  42.624
2826  41.351
2827  37.473
2828  39.027
2829  35.271
2830  39.549
2831  36.417
2832  41.698
2833  44.210
2834  41.997
2835  41.496
2836  35.865
2837  35.593
2838  36.323
2839  39.225
2840  42.641
2841  38.978
2842  39.790
2843  37.720
2844  41.641
2845  40.032
2846  35.723
2847  42.837
2848  42.911
2849  43.594
2850  39.395
2851  40.848
2852  38.570
2853  38.331
2854  41.913
2855  39.034
2856  44.094
2857  42.525
2858  44.737
2859  37.889
2860  38.781
2861  41.756
2862  42.393
2863  37.438
2864  37.722
2865  35.148
2866  41.989
2867  42.685
2868  35.240
2869  39.589
2870  38.593
2871  41.568
2872  36.687
2873  36.407
2874  42.817
2875  44.448
2876  38.921
2877  37.053
2878  37.385
2879  39.312
2880  42.192
2881  37.006
2882  38.984
2883  36.421
2884  43.258
2885  43.568
2886  40.737
2887  38.289
2888  41.836
2889  40.175
2890  41.298
2891  41.590
2892  39.985
2893  44.511
2894  37.118
2895  43.237
2896  43.752
2897  44.490
2898  36.447
2899  37.957
2900  41.866
2901  40.370
2902  37.348
2903  42.971
2904  41.933
2905  39.991
2906  39.381
2907  42.963
2908  39.905
2909  42.301
2910  39.485
2911  39.721
2912  38.169
2913  37.193
2914  36.523
2915  39.570
2916  41.746
2917  36.735
2918  38.221
2919  42.841
2920  41.587
2921  39.885
2922  43.730
2923  36.996
2924  39.491
2925  40.436
2926  40.844
2927  43.770
2928  43.755
2929  35.026
2930  35.236
2931  42.264
2932  43.174
2933  36.542
2934  35.014
2935  43.074
2936  38.839
2937  41.028
2938  43.695
2939  37.576
2940  42.357
2941  41.105
2942  35.274
2943  42.688
2944  35.580
2945  44.377
2946  39.892
2947  44.737
2948  30.734
2949  10.146
2950  40.444
2951  40.596
2952  38.266
2953  35.143
2954  35.259
2955  43.514
2956  35.581
2957  35.530
2958  36.569
2959  38.986
2960  41.003
2961  35.293
2962  35.483
2963  44.310
2964  44.518
2965  39.992
2966  44.210
2967  36.193
2968  37.837
2969  35.056
2970  38.433
2971  42.935
2972  43.188
2973  36.738
2974  41.823
2975  38.516
2976  42.319
2977  38.126
2978  44.812
2979  43.768
2980  39.336
2981  35.558
2982  39.264
2983  39.304
2984  35.573
2985  43.364
2986  35.794
2987  43.011
2988  41.926
2989  44.842
2990  40.012
2991  39.225
2992  41.178
2993  42.323
2994  36.474
2995  43.243
2996  36.591
2997  39.037
2998  39.370
2999  41.246
3000  38.325
3001  41.290
3002  35.930
3003  44.786
3004  35.413
3005  36.873
3006  44.655
3007  43.263
3008  38.515
3009  43.250
3010  41.039
3011  35.142
3012  38.561
3013  36.327
3014  38.410
3015  39.240
3016  37.722
3017  38.803
3018  35.096
3019  35.596
3020  44.280
3021  38.474
3022  41.993
3023  38.247
3024  40.985
3025  43.572
3026  43.139
3027  39.884
3028  40.739
3029  37.921
3030  41.217
3031  44.152
3032  35.496
3033  44.564
3034  39.103
3035  39.592
3036  36.650
3037  36.200
3038  37.403
3039  35.848
3040  36.138
3041  40.750
3042  44.017
3043  40.871
3044  39.625
3045  44.658
3046  36.627
3047  35.105
3048  39.452
3049  39.377
3050  37.324
3051  44.676
3052  37.044
3053  44.836
3054  39.830
3055  36.408
3056  40.317
3057  41.925
3058  43.613
3059  37.109
3060  40.765
3061  36.855
3062  43.696
3063  37.189
3064  42.896
3065  44.954
3066  42.167
3067  36.511
3068  44.372
3069  40.792
3070  42.292
3071  35.659
3072  35.891
3073  37.685
3074  42.161
3075  38.530
3076  37.307
3077  40.889
3078  35.344
3079  41.623
3080  39.420
3081  39.325
3082  39.344
3083  40.340
3084  43.254
3085  38.058
3086  43.172
3087  41.792
3088  44.673
3089  40.676
3090  42.789
3091  35.854
3092  38.712
3093  42.012
3094  38.788
3095  35.205
3096  36.126
3097  38.554
3098  38.654
3099  36.451
3100  40.570
3101  40.737
3102  36.028
3103  39.842
3104  36.762
3105  37.368
3106  38.329
3107  36.970
3108  40.052
3109  38.706
3110  38.211
3111  42.504
3112  43.278
3113  42.471
3114  41.661
3115  37.396
3116  35.660
3117  38.945
3118  40.382
3119  41.700
3120  42.309
3121  35.391
3122  41.789
3123  38.385
3124  41.806
3125  40.724
3126  38.215
3127  38.615
3128  38.762
3129  36.843
3130  36.965
3131  35.961
3132  37.507
3133  43.462
3134  36.319
3135  38.721
3136  36.516
3137  43.588
3138  41.128
3139  44.570
3140  41.674
3141  36.093
3142  41.453
3143  41.432
3144  44.986
3145  38.004
3146  36.623
3147  40.137
3148  37.717
3149  41.966
3150  38.728
3151  36.983
3152  41.089
3153  35.632
3154  38.486
3155  42.118
3156  43.316
3157  43.948
3158  35.377
3159  36.622
3160  40.494
3161  38.494
3162  39.175
3163  40.994
3164  35.612
3165  42.066
3166  37.288
3167  43.147
3168  36.682
3169  43.938
3170  41.857
3171  38.766
3172  41.064
3173  41.977
3174  43.116
3175  40.224
3176  42.562
3177  36.724
3178  37.678
3179  37.833
3180  43.186
3181  37.720
3182  37.960
3183  39.862
3184  40.608
3185  40.582
3186  38.412
3187  36.488
3188  44.820
3189  39.367
3190  40.885
3191  37.152
3192  38.744
3193  35.827
3194  36.315
3195  35.871
3196  42.636
3197  36.875
3198  38.586
3199  40.602
3200  39.050
3201  39.296
3202  42.212
3203  37.678
3204  38.328
3205  38.273
3206  42.792
3207  43.449
3208  38.410
3209  39.590
3210  40.434
3211  44.755
3212  36.650
3213  42.491
3214  40.639
3215  42.958
3216  44.579
3217  39.518
3218  44.627
3219  36.944
3220  42.571
3221  42.839
3222  39.248
3223  42.878
3224  43.228
3225  38.440
3226  36.882
3227  36.287
3228  42.783
3229  39.745
3230  43.433
3231  40.702
3232  44.963
3233  43.800
3234  37.596
3235  40.463
3236  44.978
3237  39.600
3238  41.825
3239  38.030
3240  38.646
3241  37.543
3242  37.809
3243  40.792
3244  37.085
3245  38.581
3246  37.370
3247  43.836
3248  43.493
3249  40.302
3250  35.845
3251  38.645
3252  40.526
3253  38.488
3254  38.950
3255  35.676
3256  42.870
3257  39.244
3258  41.198
3259  41.035
3260  41.325
3261  42.808
3262  38.447
3263  40.269
3264  42.202
3265  39.363
3266  43.511
3267  38.688
3268  43.420
3269  44.768
3270  40.571
3271  42.980
3272  41.262
3273  39.209
3274  39.592
3275  39.410
3276  41.589
3277  39.916
3278  36.296
3279  44.065
3280  41.635
3281  38.095
3282  42.581
3283  36.065
3284  44.098
3285  40.972
3286  39.158
3287  40.608
3288  35.156
3289  36.532
3290  36.597
3291  41.473
3292  40.969
3293  42.760
3294  38.963
3295  40.918
3296  41.789
3297  39.827
3298  44.309
3299  39.426
3300  40.476
3301  41.358
3302  40.456
3303  44.955
3304  44.928
3305  41.827
3306  36.348
3307  41.763
3308  38.733
3309  41.990
3310  43.292
3311  35.147
3312  36.432
3313  38.076
3314  44.764
3315  38.216
3316  41.173
3317  41.936
3318  42.867
3319  35.664
3320  41.372
3321  40.980
3322  41.874
3323  43.717
3324  35.098
3325  42.169
3326  35.302
3327  42.832
3328  44.740
3329  44.430
3330  40.528
3331  40.170
3332  35.390
3333  36.504
3334  39.058
3335  37.669
3336  39.360
3337  43.045
3338  35.464
3339  35.674
3340  37.374
3341  36.437
3342  41.593
3343  44.896
3344  40.263
3345  38.805
3346  38.080
3347  40.363
3348  38.140
3349  38.061
3350  44.605
3351  42.950
3352  40.371
3353  44.587
3354  37.304
3355  41.215
3356  41.913
3357  42.329
3358  38.783
3359  36.748
3360  41.155
3361  36.023
3362  37.142
3363  41.687
3364  42.603
3365  40.586
3366  38.666
3367  41.896
3368  41.695
3369  38.620
3370  37.233
3371  39.373
3372  36.628
3373  35.101
3374  36.901
3375  35.061
3376  35.326
3377  43.782
3378  35.971
3379  40.045
3380  44.351
3381  35.019
3382  42.613
3383  40.965
3384  35.416
3385  37.765
3386  44.214
3387  40.967
3388  35.815
3389  39.584
3390  36.591
3391  44.621
3392  37.029
3393  39.612
3394  44.187
3395  42.744
3396  35.311
3397  44.860
3398  39.578
3399  40.648
3400  42.332
3401  44.369
3402  42.893
3403  43.668
3404  44.090
3405  42.966
3406  40.438
3407  35.419
3408  38.541
3409  44.606
3410  38.438
3411  35.932
3412  40.946
3413  38.687
3414  44.421
3415  40.747
3416  40.892
3417  39.164
3418  43.212
3419  36.888
3420  35.840
3421  40.743
3422  37.673
3423  44.541
3424  36.382
3425  40.789
3426  36.263
3427  44.518
3428  44.312
3429  35.820
3430  35.491
3431  42.739
3432  42.240
3433  42.559
3434  36.905
3435  36.671
3436  39.445
3437  40.863
3438  44.881
3439  36.220
3440  40.920
3441  36.203
3442  35.746
3443  38.570
3444  36.705
3445  40.795
3446  35.932
3447  40.281
3448  44.223
3449  41.884
3450  41.762
3451  36.220
3452  41.395
3453  35.852
3454  43.106
3455  40.434
3456  39.024
3457  35.320
3458  44.295
3459  42.814
3460  35.597
3461  42.862
3462  37.523
3463  41.456
3464  41.691
3465  40.250
3466  41.418
3467  42.827
3468  36.479
3469  44.554
3470  35.615
3471  41.307
3472  37.586
3473  42.805
3474  40.854
3475  36.432
3476  44.263
3477  42.138
3478  39.385
3479  44.247
3480  41.624
3481  39.092
3482  36.022
3483  35.919
3484  42.917
3485  36.590
3486  37.872
3487  39.315
3488  43.922
3489  40.640
3490  35.243
3491  42.458
3492  38.984
3493  44.941
3494  44.516
3495  36.879
3496  41.997
3497  38.096
3498  39.236
3499  37.006
3500  44.014
3501  43.896
3502  44.982
3503  44.862
3504  36.081
3505  42.124
3506  38.832
3507  42.797
3508  40.933
3509  37.953
3510  44.246
3511  40.057
3512  35.468
3513  39.281
3514  44.112
3515  41.100
3516  43.149
3517  44.954
3518  36.807
3519  43.540
3520  43.159
3521  42.991
3522  42.206
3523  39.178
3524  40.277
3525  43.365
3526  39.153
3527  41.880
3528  37.730
3529  41.671
3530  44.416
3531  38.745
3532  38.415
3533  39.383
3534  36.264
3535  40.098
3536  38.309
3537  40.485
3538  39.319
3539  39.383
3540  43.890
3541  42.046
3542  36.718
3543  40.892
3544  41.716
3545  35.728
3546  41.104
3547  39.247
3548  41.314
3549  41.982
3550  37.774
3551  44.571
3552  39.651
3553  42.727
3554  42.373
3555  43.973
3556  40.486
3557  38.538
3558  42.586
3559  38.334
3560  41.616
3561  40.762
3562  41.394
3563  38.518
3564  35.466
3565  35.614
3566  44.206
3567  41.773
3568  35.485
3569  38.573
3570  36.965
3571  38.851
3572  35.939
3573  42.874
3574  44.596
3575  37.736
3576  40.476
3577  43.278
3578  40.405
3579  35.731
3580  39.734
3581  35.271
3582  37.370
3583  39.043
3584  37.234
3585  37.861
3586  39.788
3587  38.112
3588  35.414
3589  38.382
3590  41.857
3591  44.421
3592  42.746
3593  41.769
3594  43.919
3595  39.703
3596  35.250
3597  39.648
3598  39.184
3599  43.318
3600  36.508
3601  40.801
3602  41.399
3603  43.746
3604  35.738
3605  44.668
3606  37.896
3607  43.121
3608  43.766
3609  43.635
3610  40.816
3611  39.800
3612  43.627
3613  36.296
3614  37.373
3615  38.787
3616  38.737
3617  42.407
3618  41.358
3619  39.093
3620  41.515
3621  37.322
3622  36.202
3623  35.344
3624  35.774
3625  44.582
3626  40.293
3627  39.855
3628  43.925
3629  41.549
3630  38.095
3631  42.389
3632  44.029
3633  40.090
3634  37.791
3635  42.890
3636  37.378
3637  42.588
3638  39.672
3639  38.416
3640  40.473
3641  36.049
3642  42.512
3643  35.634
3644  36.190
3645  36.469
3646  38.545
3647  38.302
3648  38.797
3649  37.773
3650  39.758
3651  36.221
3652  41.348
3653  36.334
3654  38.848
3655  38.900
3656  40.803
3657  37.772
3658  37.585
3659  36.230
3660  43.329
3661  42.802
3662  35.180
3663  43.891
3664  44.643
3665  41.153
3666  36.379
3667  41.299
3668  43.067
3669  37.993
3670  43.352
3671  38.443
3672  38.387
3673  36.692
3674  39.930
3675  35.420
3676  43.923
3677  40.751
3678  42.375
3679  44.880
3680  35.510
3681  35.714
3682  35.556
3683  41.656
3684  42.531
3685  35.821
3686  36.220
3687  40.416
3688  38.422
3689  36.047
3690  44.718
3691  36.141
3692  42.061
3693  44.275
3694  35.627
3695  37.374
3696  44.289
3697  38.818
3698  43.662
3699  35.577
3700  38.848
3701  41.029
3702  36.490
3703  35.284
3704  40.475
3705  39.222
3706  37.042
3707  35.348
3708  44.186
3709  41.051
3710  35.483
3711  40.576
3712  35.778
3713  35.020
3714  38.511
3715  38.778
3716  44.241
3717  44.858
3718  43.300
3719  39.222
3720  36.990
3721  35.925
3722  36.701
3723  35.855
3724  36.200
3725  36.662
3726  41.218
3727  43.768
3728  43.100
3729  42.761
3730  41.744
3731  35.576
3732  39.210
3733  41.025
3734  38.884
3735  36.041
3736  44.539
3737  39.784
3738  41.781
3739  40.349
3740  38.489
3741  37.692
3742  39.888
3743  38.279
3744  37.061
3745  36.556
3746  35.021
3747  36.609
3748  39.691
3749  38.014
3750  36.244
3751  42.573
3752  40.799
3753  44.356
3754  43.100
3755  40.700
3756  44.388
3757  41.306
3758  41.594
3759  41.631
3760  40.089
3761  35.571
3762  35.313
3763  42.504
3764  35.301
3765  40.855
3766  41.399
3767  35.095
3768  44.155
3769  38.442
3770  40.858
3771  42.495
3772  41.760
3773  39.168
3774  36.553
3775  37.240
3776  43.082
3777  41.997
3778  44.232
3779  37.199
3780  36.360
3781  37.555
3782  35.599
3783  43.801
3784  35.689
3785  35.838
3786  44.063
3787  40.155
3788  40.485
3789  36.611
3790  44.208
3791  39.088
3792  43.997
3793  36.942
3794  44.283
3795  37.311
3796  41.766
3797  43.731
3798  42.990
3799  40.581
3800  40.593
3801  42.531
3802  43.284
3803  36.769
3804  41.119
3805  37.607
3806  39.217
3807  36.686
3808  38.739
3809  41.830
3810  41.402
3811  44.641
3812  44.503
3813  39.441
3814  44.505
3815  40.514
3816  43.822
3817  41.999
3818  40.026
3819  40.720
3820  37.944
3821  40.558
3822  36.347
3823  44.423
3824  40.736
3825  39.147
3826  40.738
3827  37.708
3828  39.637
3829  40.403
3830  44.898
3831  38.874
3832  40.787
3833  42.240
3834  42.758
3835  42.985
3836  44.319
3837  40.119
3838  39.519
3839  37.887
3840  39.979
3841  39.339
3842  40.072
3843  42.652
3844  39.362
3845  39.963
3846  40.413
3847  39.855
3848  40.707
3849  44.435
3850  37.201
3851  38.600
3852  39.551
3853  38.479
3854  41.367
3855  42.578
3856  40.427
3857  37.272
3858  44.206
3859  36.325
3860  35.973
3861  42.257
3862  38.059
3863  36.276
3864  36.550
3865  38.384
3866  40.107
3867  38.313
3868  39.237
3869  42.454
3870  40.284
3871  39.640
3872  39.544
3873  36.362
3874  41.274
3875  35.371
3876  43.393
3877  44.192
3878  38.596
3879  37.667
3880  40.751
3881  43.832
3882  36.580
3883  44.770
3884  39.760
3885  40.807
3886  40.196
3887  35.357
3888  39.441
3889  42.375
3890  40.436
3891  39.882
3892  37.213
3893  39.205
3894  41.355
3895  44.133
3896  42.377
3897  37.777
3898  35.821
3899  37.254
3900  41.640
3901  44.971
3902  43.339
3903  40.395
3904  43.809
3905  36.320
3906  36.169
3907  36.998
3908  43.281
3909  41.587
3910  42.180
3911  43.632
3912  38.033
3913  37.881
3914  37.405
3915  39.067
3916  40.479
3917  41.608
3918  42.402
3919  41.553
3920  39.175
3921  40.729
3922  35.575
3923  37.926
3924  35.166
3925  40.105
3926  42.772
3927  35.595
3928  36.684
3929  38.035
3930  42.958
3931  37.648
3932  37.607
3933  36.573
3934  38.863
3935  44.411
3936  40.022
3937  39.999
3938  44.168
3939  44.845
3940  37.260
3941  37.528
3942  40.857
3943  44.468
3944  37.804
3945  43.771
3946  41.363
3947  35.840
3948  37.961
3949  44.898
3950  39.584
3951  40.179
3952  39.137
3953  42.890
3954  37.322
3955  35.208
3956  44.216
3957  44.794
3958  37.000
3959  35.639
3960  36.989
3961  44.166
3962  44.876
3963  44.029
3964  39.130
3965  42.641
3966  40.505
3967  43.947
3968  41.610
3969  42.309
3970  40.849
3971  38.749
3972  39.086
3973  43.393
3974  40.883
3975  43.983
3976  37.252
3977  44.565
3978  36.148
3979  37.902
3980  42.257
3981  37.673
3982  36.344
3983  38.339
3984  41.793
3985  39.904
3986  39.483
3987  41.652
3988  37.595
3989  42.469
3990  42.211
3991  35.382
3992  35.203
3993  41.171
3994  41.439
3995  39.730
3996  40.483
3997  44.267
3998  42.447
3999  35.287
4000  44.436
4001  44.676
4002  42.523
4003  39.852
4004  42.634
4005  39.294
4006  35.334
4007  42.500
4008  36.955
4009  40.147
4010  39.728
4011  43.343
4012  35.351
4013  43.000
4014  42.180
4015  44.403
4016  44.124
4017  43.994
4018  38.162
4019  38.707
4020  38.832
4021  42.312
4022  39.470
4023  36.222
4024  35.065
4025  40.887
4026  36.101
4027  39.722
4028  35.016
4029  39.052
4030  35.863
4031  35.629
4032  38.274
4033  35.721
4034  41.158
4035  36.745
4036  38.565
4037  44.949
4038  41.518
4039  37.310
4040  43.021
4041  35.953
4042  40.195
4043  40.136
4044  43.168
4045  41.591
4046  39.820
4047  40.275
4048  36.350
4049  43.805
4050  36.174
4051  42.391
4052  35.732
4053  42.639
4054  41.715
4055  43.152
4056  36.473
4057  36.302
4058  41.269
4059  40.401
4060  41.602
4061  41.361
4062  39.700
4063  39.304
4064  37.264
4065  41.303
4066  41.418
4067  35.038
4068  43.056
4069  43.389
4070  43.506
4071  39.868
4072  42.140
4073  35.195
4074  41.896
4075  37.939
4076  36.637
4077  38.556
4078  40.034
4079  40.806
4080  43.861
4081  42.907
4082  43.534
4083  43.468
4084  37.846
4085  42.479
4086  37.389
4087  35.861
4088  35.671
4089  40.719
4090  35.661
4091  44.208
4092  41.593
4093  42.662
4094  41.267
4095  39.707
4096  40.476
4097  44.488
4098  37.037
4099  38.119
4100  35.846
4101  39.503
4102  38.243
4103  42.967
4104  39.190
4105  40.494
4106  37.294
4107  42.043
4108  35.169
4109  39.622
4110  39.786
4111  36.031
4112  40.374
4113  42.668
4114  42.854
4115  35.982
4116  38.243
4117  37.565
4118  38.333
4119  36.632
4120  43.182
4121  39.807
4122  40.377
4123  35.353
4124  41.025
4125  43.136
4126  43.537
4127  38.773
4128  36.787
4129  44.714
4130  38.688
4131  42.438
4132  42.269
4133  40.464
4134  41.661
4135  38.582
4136  25.245
4137  36.954
4138  42.574
4139  35.043
4140  36.935
4141  38.796
4142  40.854
4143  39.563
4144  37.372
4145  38.929
4146  42.437
4147  37.890
4148  38.804
4149  36.552
4150  41.243
4151  43.791
4152  36.906
4153  37.562
4154  40.202
4155  42.451
4156  36.995
4157  40.131
4158  37.022
4159  42.176
4160  42.681
4161  40.661
4162  35.959
4163  35.047
4164  43.880
4165  41.674
4166  38.474
4167  40.867
4168  35.484
4169  41.496
4170  40.754
4171  43.153
4172  39.675
4173  42.379
4174  39.816
4175  36.331
4176  38.927
4177  38.328
4178  42.585
4179  39.790
4180  38.618
4181  42.795
4182  35.927
4183  43.320
4184  37.399
4185  37.224
4186  38.115
4187  43.007
4188  44.960
4189  42.341
4190  39.285
4191  43.347
4192  36.247
4193  37.689
4194  41.493
4195  41.312
4196  38.471
4197  43.146
4198  36.626
4199  38.461
4200  38.977
4201  35.400
4202  35.443
4203  38.199
4204  36.874
4205  42.181
4206  36.462
4207  35.288
4208  43.800
4209  36.803
4210  35.232
4211  36.152
4212  37.128
4213  42.678
4214  44.387
4215  41.960
4216  38.219
4217  42.660
4218  37.056
4219  42.197
4220  43.291
4221  40.907
4222  38.367
4223  39.693
4224  40.059
4225  44.079
4226  36.658
4227  40.204
4228  39.094
4229  42.289
4230  44.409
4231  39.582
4232  38.607
4233  44.638
4234  43.947
4235  38.782
4236  38.470
4237  44.482
4238  44.943
4239  35.194
4240  44.449
4241  38.997
4242  35.211
4243  44.884
4244  39.240
4245  41.897
4246  42.063
4247  40.667
4248  41.079
4249  44.823
4250  40.183
4251  42.316
4252  42.970
4253  40.686
4254  37.355
4255  37.940
4256  40.943
4257  36.872
4258  41.223
4259  38.678
4260  37.452
4261  41.520
4262  41.856
4263  35.138
4264  36.661
4265  40.238
4266  39.414
4267  36.179
4268  38.505
4269  44.197
4270  36.520
4271  36.132
4272  35.524
4273  41.449
4274  44.184
4275  39.217
4276  35.111
4277  40.381
4278  44.845
4279  44.921
4280  39.738
4281  35.600
4282  41.839
4283  35.586
4284  44.270
4285  43.861
4286  37.704
4287  35.502
4288  39.045
4289  35.421
4290  43.652
4291  44.956
4292  35.761
4293  44.350
4294  39.893
4295  35.333
4296  44.713
4297  38.250
4298  38.089
4299  36.379
4300  41.649
4301  40.650
4302  41.861
4303  42.566
4304  41.349
4305  36.998
4306  39.797
4307  35.821
4308  35.826
4309  44.250
4310  41.893
4311  38.378
4312  36.957
4313  44.688
4314  35.291
4315  42.361
4316  44.043
4317  41.481
4318  37.375
4319  36.459
4320  35.276
4321  37.893
4322  37.074
4323  39.528
4324  43.055
4325  39.201
4326  40.125
4327  41.584
4328  37.483
4329  42.980
4330  40.487
4331  35.380
4332  42.392
4333  44.373
4334  37.242
4335  40.765
4336  36.411
4337  38.577
4338  43.957
4339  44.191
4340  40.407
4341  44.748
4342  38.685
4343  35.726
4344  42.808
4345  44.363
4346  44.932
4347  41.521
4348  43.121
4349  42.828
4350  44.430
4351  35.678
4352  36.476
4353  35.382
4354  40.241
4355  39.442
4356  41.716
4357  36.664
4358  43.878
4359  39.615
4360  43.952
4361  37.115
4362  35.626
4363  40.738
4364  44.106
4365  41.406
4366  37.164
4367  44.883
4368  35.978
4369  37.192
4370  38.823
4371  37.687
4372  44.456
4373  41.797
4374  41.361
4375  39.501
4376  36.227
4377  40.168
4378  42.029
4379  36.614
4380  40.809
4381  35.377
4382  38.430
4383  35.344
4384  35.734
4385  39.798
4386  37.761
4387  41.473
4388  41.816
4389  40.372
4390  35.121
4391  38.665
4392  36.476
4393  43.649
4394  40.532
4395  40.084
4396  36.614
4397  40.092
4398  42.653
4399  42.970
4400  36.520
4401  35.370
4402  36.383
4403  38.764
4404  40.232
4405  40.147
4406  39.563
4407  43.294
4408  37.738
4409  36.614
4410  39.861
4411  40.068
4412  39.280
4413  40.041
4414  40.411
4415  38.612
4416  36.824
4417  43.235
4418  37.382
4419  39.286
4420  37.518
4421  44.787
4422  42.812
4423  35.276
4424  36.996
4425  40.395
4426  41.150
4427  37.796
4428  41.697
4429  42.208
4430  42.353
4431  40.377
4432  40.412
4433  36.470
4434  40.731
4435  43.983
4436  44.983
4437  39.393
4438  43.604
4439  39.201
4440  44.990
4441  43.242
4442  38.273
4443  40.907
4444  42.087
4445  38.448
4446  41.868
4447  39.414
4448  35.344
4449  37.430
4450  41.806
4451  44.793
4452  37.441
4453  44.558
4454  38.610
4455  35.501
4456  42.188
4457  42.547
4458  39.356
4459  42.893
4460  39.629
4461  44.411
4462  42.535
4463  39.468
4464  44.105
4465  35.118
4466  40.669
4467  43.542
4468  43.346
4469  39.359
4470  35.171
4471  44.973
4472  40.907
4473  42.671
4474  43.660
4475  43.139
4476  44.290
4477  42.883
4478  36.879
4479  36.112
4480  44.301
4481  37.477
4482  44.020
4483  39.720
4484  41.358
4485  43.566
4486  44.427
4487  38.829
4488  43.396
4489  41.220
4490  39.141
4491  38.688
4492  43.859
4493  38.731
4494  41.074
4495  39.897
4496  42.438
4497  38.231
4498  41.894
4499  42.022
4500  43.744
4501  43.993
4502  36.122
4503  39.535
4504  38.140
4505  42.000
4506  43.347
4507  42.694
4508  36.488
4509  42.269
4510  43.887
4511  42.542
4512  39.386
4513  36.428
4514  36.953
4515  36.762
4516  38.813
4517  35.750
4518  35.983
4519  39.361
4520  35.434
4521  37.434
4522  40.171
4523  37.343
4524  37.847
4525  35.734
4526  35.096
4527  44.638
4528  39.752
4529  42.628
4530  42.767
4531  43.848
4532  38.405
4533  41.448
4534  43.179
4535  37.322
4536  43.154
4537  36.621
4538  38.251
4539  40.637
4540  42.685
4541  36.671
4542  38.290
4543  41.648
4544  40.612
4545  37.434
4546  40.117
4547  37.949
4548  37.564
4549  38.221
4550  43.656
4551  40.704
4552  40.036
4553  35.968
4554  35.093
4555  40.134
4556  43.589
4557  38.971
4558  35.094
4559  36.819
4560  35.643
4561  42.245
4562  36.654
4563  36.690
4564  38.554
4565  37.477
4566  41.000
4567  40.399
4568  40.145
4569  40.528
4570  41.155
4571  35.698
4572  44.017
4573  39.247
4574  36.185
4575  44.657
4576  35.589
4577  43.535
4578  43.752
4579  36.077
4580  43.607
4581  36.757
4582  38.935
4583  40.451
4584  40.366
4585  41.794
4586  39.534
4587  38.382
4588  40.576
4589  39.692
4590  44.605
4591  39.741
4592  42.684
4593  43.415
4594  36.744
4595  42.516
4596  38.163
4597  39.310
4598  40.775
4599  43.880
4600  39.554
4601  42.062
4602  42.549
4603  43.317
4604  38.828
4605  44.472
4606  39.139
4607  35.208
4608  38.553
4609  44.930
4610  39.866
4611  43.121
4612  41.961
4613  37.398
4614  41.555
4615  44.439
4616  40.408
4617  35.846
4618  43.764
4619  40.407
4620  36.450
4621  40.726
4622  38.421
4623  35.344
4624  40.186
4625  40.320
4626  40.698
4627  38.622
4628  43.721
4629  36.619
4630  39.794
4631  39.560
4632  38.846
4633  42.487
4634  42.128
4635  42.323
4636  41.835
4637  42.332
4638  42.587
4639  35.665
4640  44.736
4641  36.092
4642  43.748
4643  40.247
4644  43.623
4645  36.683
4646  42.573
4647  40.505
4648  35.446
4649  36.383
4650  37.214
4651  39.399
4652  37.956
4653  36.978
4654  38.442
4655  37.115
4656  35.077
4657  35.100
4658  36.841
4659  38.923
4660  39.930
4661  37.314
4662  35.563
4663  37.553
4664  37.650
4665  39.900
4666  42.864
4667  41.649
4668  40.429
4669  24.866
4670  35.956
4671  36.754
4672  36.862
4673  41.858
4674  37.077
4675  36.124
4676  43.578
4677  44.806
4678  35.974
4679  41.747
4680  38.203
4681  41.822
4682  39.149
4683  36.284
4684  36.455
4685  38.764
4686  38.532
4687  37.911
4688  42.369
4689  39.850
4690  41.752
4691  41.991
4692  43.651
4693  42.668
4694  41.677
4695  35.697
4696  39.401
4697  42.650
4698  36.453
4699  41.250
4700  38.666
4701  40.761
4702  37.930
4703  38.483
4704  39.666
4705  39.295
4706  35.621
4707  37.621
4708  38.346
4709  37.453
4710  44.077
4711  41.792
4712  39.011
4713  39.192
4714  41.698
4715  42.955
4716  40.754
4717  39.483
4718  43.797
4719  44.846
4720  43.906
4721  42.037
4722  39.564
4723  44.984
4724  35.261
4725  43.112
4726  40.872
4727  42.302
4728  40.519
4729  36.780
4730  35.482
4731  40.297
4732  39.414
4733  39.108
4734  37.314
4735  44.745
4736  38.211
4737  40.323
4738  37.557
4739  43.669
4740  35.153
4741  38.126
4742  37.171
4743  37.437
4744  35.818
4745  44.416
4746  38.190
4747  41.858
4748  41.145
4749  41.074
4750  40.493
4751  40.738
4752  38.752
4753  41.504
4754  39.516
4755  39.070
4756  43.020
4757  43.021
4758  35.557
4759  40.301
4760  36.803
4761  35.944
4762  40.514
4763  39.152
4764  44.504
4765  41.194
4766  36.701
4767  36.605
4768  37.781
4769  42.798
4770  35.399
4771  37.985
4772  35.709
4773  44.244
4774  40.879
4775  39.638
4776  40.855
4777  44.534
4778  40.255
4779  38.043
4780  35.910
4781  37.373
4782  36.410
4783  41.103
4784  35.112
4785  38.893
4786  44.100
4787  37.408
4788  37.995
4789  44.008
4790  44.495
4791  43.378
4792  41.109
4793  38.870
4794  37.789
4795  42.535
4796  43.336
4797  38.231
4798  35.646
4799  36.696
4800  44.159
4801  41.664
4802  42.129
4803  40.140
4804  37.912
4805  42.112
4806  40.484
4807  38.467
4808  42.369
4809  44.507
4810  43.002
4811  38.845
4812  42.034
4813  37.123
4814  37.254
4815  44.152
4816  35.706
4817  35.611
4818  40.347
4819  37.577
4820  41.939
4821  36.083
4822  39.037
4823  43.425
4824  43.845
4825  38.226
4826  37.904
4827  44.348
4828  38.331
4829  39.995
4830  36.122
4831  35.276
4832  38.932
4833  44.756
4834  43.456
4835  43.237
4836  35.495
4837  35.443
4838  36.621
4839  43.423
4840  42.942
4841  40.817
4842  37.753
4843  39.935
4844  36.265
4845  36.280
4846  42.276
4847  36.846
4848  39.598
4849  41.767
4850  40.725
4851  35.007
4852  44.092
4853  39.793
4854  38.685
4855  43.748
4856  38.114
4857  39.438
4858  39.753
4859  36.708
4860  37.786
4861  37.241
4862  41.196
4863  41.460
4864  37.651
4865  37.841
4866  36.943
4867  44.159
4868  43.929
4869  43.562
4870  44.018
4871  43.138
4872  39.682
4873  43.624
4874  37.601
4875  42.353
4876  38.508
4877  40.503
4878  41.995
4879  37.791
4880  35.053
4881  38.485
4882  42.655
4883  40.311
4884  41.118
4885  37.945
4886  43.814
4887  42.415
4888  38.612
4889  39.084
4890  39.659
4891  37.066
4892  38.653
4893  38.787
4894  38.794
4895  38.912
4896  43.746
4897  41.020
4898  41.346
4899  41.728
4900  38.608
4901  36.581
4902  43.477
4903  43.395
4904  35.645
4905  41.357
4906  43.395
4907  36.743
4908  38.709
4909  38.162
4910  35.926
4911  36.703
4912  37.040
4913  44.696
4914  40.570
4915  42.658
4916  43.544
4917  44.932
4918  42.759
4919  43.181
4920  38.355
4921  41.132
4922  43.117
4923  39.219
4924  41.713
4925  41.677
4926  39.140
4927  39.201
4928  37.787
4929  38.779
4930  38.190
4931  35.919
4932  42.932
4933  42.368
4934  40.525
4935  44.443
4936  42.793
4937  41.516
4938  35.268
4939  37.563
4940  43.989
4941  37.737
4942  37.305
4943  43.708
4944  39.052
4945  40.470
4946  37.491
4947  36.505
4948  38.777
4949  41.950
4950  40.593
4951  42.866
4952  35.406
4953  37.328
4954  41.734
4955  38.352
4956  42.012
4957  39.569
4958  38.055
4959  38.792
4960  39.319
4961  41.280
4962  37.651
4963  42.446
4964  38.801
4965  37.101
4966  44.538
4967  43.806
4968  41.150
4969  37.236
4970  44.553
4971  36.437
4972  41.574
4973  39.116
4974  38.239
4975  39.591
4976  43.712
4977  40.930
4978  42.209
4979  44.017
4980  36.275
4981  35.301
4982  39.878
4983  40.525
4984  35.988
4985  36.072
4986  39.498
4987  42.319
4988  37.751
4989  41.382
4990  35.580
4991  43.216
4992  43.982
4993  39.845
4994  36.583
4995  38.512
4996  41.958
4997  43.280
4998  39.857
4999  42.351
5000  37.519
5001  42.496
5002  36.444
5003  41.285
5004  41.028
5005  38.742
5006  43.502
5007  43.370
5008  36.810
5009  42.691
5010  35.985
5011  39.489
5012  42.226
5013  39.845
5014  35.835
5015  40.351
5016  44.591
5017  35.737
5018  41.283
5019  39.802
5020  35.415
5021  37.006
5022  38.382
5023  42.272
5024  37.596
5025  35.990
5026  37.989
5027  35.643
5028  44.334
5029  36.981
5030  40.509
5031  35.567
5032  38.648
5033  38.804
5034  37.321
5035  38.343
5036  36.606
5037  40.242
5038  38.813
5039  42.827
5040  38.503
5041  37.565
5042  44.501
5043  36.835
5044  43.224
5045  44.561
5046  41.923
5047  35.755
5048  40.442
5049  37.856
5050  39.310
5051  44.397
5052  38.633
5053  41.807
5054  20.202
5055  40.904
5056  41.647
5057  37.631
5058  36.113
5059  44.291
5060  43.989
5061  38.516
5062  36.883
5063  44.853
5064  37.633
5065  41.864
5066  41.523
5067  36.181
5068  42.728
5069  35.571
5070  36.095
5071  35.348
5072  44.916
5073  40.270
5074  44.525
5075  39.913
5076  42.850
5077  38.108
5078  36.108
5079  36.358
5080  43.692
5081  36.420
5082  42.927
5083  39.832
5084  37.939
5085  44.681
5086  35.877
5087  38.154
5088  36.821
5089  43.932
5090  44.031
5091  36.503
5092  37.220
5093  35.267
5094  36.117
5095  38.247
5096  40.683
5097  42.531
5098  38.981
5099  38.762
5100  35.372
5101  42.622
5102  37.692
5103  43.622
5104  44.878
5105  37.087
5106  44.652
5107  36.859
5108  40.530
5109  36.034
5110  41.346
5111  36.295
5112  42.785
5113  38.782
5114  43.217
5115  43.041
5116  40.512
5117  42.198
5118  44.222
5119  43.780
5120  44.894
5121  40.914
5122  43.362
5123  41.782
5124  42.323
5125  37.376
5126  43.824
5127  37.783
5128  44.097
5129  38.454
5130  42.100
5131  41.031
5132  42.663
5133  38.390
5134  40.600
5135  41.209
5136  35.104
5137  40.633
5138  40.078
5139  44.000
5140  41.770
5141  35.965
5142  44.339
5143  36.271
5144  43.065
5145  44.649
5146  35.639
5147  36.269
5148  37.896
5149  41.456
5150  39.923
5151  40.054
5152  43.609
5153  36.659
5154  39.145
5155  35.707
5156  36.125
5157  41.414
5158  37.955
5159  39.887
5160  35.863
5161  37.625
5162  43.873
5163  36.144
5164  40.907
5165  41.396
5166  36.849
5167  35.448
5168  43.946
5169  37.823
5170  40.265
5171  42.437
5172  44.434
5173  39.816
5174  39.631
5175  38.276
5176  38.449
5177  38.629
5178  35.417
5179  42.324
5180  44.559
5181  38.446
5182  36.148
5183  42.356
5184  40.341
5185  41.190
5186  42.767
5187  40.603
5188  42.220
5189  42.068
5190  38.898
5191  38.570
5192  40.977
5193  35.596
5194  41.917
5195  38.574
5196  40.468
5197  40.802
5198  43.599
5199  36.813
5200  37.174
5201  35.236
5202  38.359
5203  43.443
5204  42.368
5205  44.254
5206  41.901
5207  37.129
5208  44.313
5209  44.317
5210  41.820
5211  42.063
5212  37.405
5213  36.771
5214  44.254
5215  44.631
5216  44.462
5217  44.086
5218  44.913
5219  41.369
5220  43.113
5221  44.280
5222  37.307
5223  42.550
5224  44.145
5225  37.160
5226  35.569
5227  38.989
5228  41.425
5229  38.271
5230  41.720
5231  43.109
5232  38.258
5233  41.045
5234  41.135
5235  38.431
5236  43.720
5237  37.149
5238  39.798
5239  40.201
5240  37.307
5241  36.205
5242  37.540
5243  44.121
5244  38.893
5245  42.050
5246  39.936
5247  43.492
5248  39.255
5249  36.016
5250  43.874
5251  35.293
5252  36.193
5253  44.524
5254  39.977
5255  35.189
5256  36.215
5257  37.005
5258  44.792
5259  44.076
5260  37.184
5261  41.221
5262  36.909
5263  38.232
5264  39.962
5265  44.745
5266  37.560
5267  40.313
5268  38.550
5269  41.988
5270  43.877
5271  44.181
5272  44.874
5273  37.011
5274  41.907
5275  37.627
5276  43.844
5277  43.289
5278  43.835
5279  35.166
5280  39.336
5281  44.218
5282  42.367
5283  41.679
5284  40.526
5285  36.288
5286  36.620
5287  43.735
5288  36.475
5289  42.386
5290  39.866
5291  43.651
5292  44.188
5293  44.031
5294  42.473
5295  41.321
5296  42.796
5297  40.318
5298  40.835
5299  44.965
5300  43.291
5301  35.566
5302  38.596
5303  43.286
5304  41.139
5305  37.743
5306  40.322
5307  36.062
5308  42.384
5309  35.453
5310  42.513
5311  38.050
5312  35.746
5313  42.277
5314  41.445
5315  40.870
5316  38.160
5317  38.918
5318  44.572
5319  44.840
5320  38.427
5321  37.416
5322  40.716
5323  41.825
5324  44.087
5325  35.011
5326  39.303
5327  40.693
5328  39.938
5329  42.591
5330  35.260
5331  37.264
5332  42.281
5333  41.995
5334  41.423
5335  41.357
5336  38.377
5337  41.175
5338  39.838
5339  37.567
5340  43.573
5341  41.591
5342  43.050
5343  38.757
5344  39.096
5345  42.295
5346  43.049
5347  35.141
5348  41.068
5349  38.437
5350  35.209
5351  44.596
5352  43.957
5353  39.606
5354  38.547
5355  35.253
5356  42.727
5357  44.124
5358  35.795
5359  36.074
5360  39.603
5361  40.455
5362  35.903
5363  43.049
5364  42.471
5365  42.729
5366  44.033
5367  35.952
5368  36.952
5369  39.716
5370  38.219
5371  44.135
5372  36.489
5373  43.356
5374  36.880
5375  38.146
5376  40.319
5377  42.472
5378  39.643
5379  39.228
5380  36.533
5381  39.296
5382  38.778
5383  39.215
5384  42.873
5385  41.094
5386  36.290
5387  44.161
5388  37.775
5389  44.002
5390  35.253
5391  43.070
5392  41.695
5393  43.245
5394  40.762
5395  44.667
5396  41.146
5397  43.796
5398  39.494
5399  40.676
5400  44.830
5401  35.831
5402  44.403
5403  39.406
5404  42.014
5405  38.082
5406  35.038
5407  37.412
5408  43.832
5409  38.491
5410  38.731
5411  40.255
5412  40.324
5413  42.483
5414  44.648
5415  43.190
5416  38.439
5417  42.036
5418  39.921
5419  42.968
5420  38.469
5421  39.072
5422  35.272
5423  41.944
5424  43.197
5425  36.332
5426  43.180
5427  42.259
5428  43.990
5429  36.050
5430  36.272
5431  40.472
5432  35.552
5433  35.034
5434  42.097
5435  44.995
5436  42.823
5437  38.200
5438  44.346
5439  38.740
5440  39.496
5441  40.062
5442  38.243
5443  38.420
5444  42.018
5445  39.476
5446  38.262
5447  36.748
5448  41.321
5449  39.927
5450  39.744
5451  38.209
5452  43.519
5453  43.563
5454  37.765
5455  43.490
5456  38.605
5457  41.740
5458  44.671
5459  37.462
5460  43.169
5461  42.081
5462  37.390
5463  43.026
5464  36.690
5465  39.340
5466  35.116
5467  37.921
5468  40.327
5469  35.442
5470  41.368
5471  36.761
5472  43.758
5473  35.654
5474  43.873
5475  42.181
5476  42.898
5477  40.365
5478  36.491
5479  39.943
5480  37.977
5481  37.081
5482  42.829
5483  37.669
5484  38.612
5485  41.605
5486  40.166
5487  35.045
5488  37.806
5489  37.276
5490  41.319
5491  43.486
5492  37.559
5493  41.015
5494  41.665
5495  38.516
5496  38.329
5497  37.170
5498  39.984
5499  44.330
5500  44.597
5501  41.869
5502  36.195
5503  42.848
5504  39.913
5505  44.124
5506  41.525
5507  38.573
5508  41.011
5509  41.593
5510  37.649
5511  40.077
5512  38.505
5513  39.824
5514  38.094
5515  36.306
5516  37.514
5517  35.419
5518  42.321
5519  44.360
5520  40.635
5521  41.399
5522  43.514
5523  39.464
5524  37.579
5525  37.559
5526  37.420
5527  39.454
5528  41.133
5529  43.601
5530  44.455
5531  35.398
5532  38.385
5533  38.955
5534  35.714
5535  41.282
5536  42.212
5537  43.639
5538  39.520
5539  43.403
5540  42.918
5541  31.763
5542  40.255
5543  37.347
5544  38.497
5545  37.216
5546  43.808
5547  38.923
5548  42.776
5549  41.470
5550  42.696
5551  42.349
5552  37.779
5553  36.820
5554  38.599
5555  36.251
5556  38.421
5557  38.546
5558  36.381
5559  39.614
5560  42.938
5561  42.615
5562  39.116
5563  44.058
5564  44.667
5565  37.029
5566  42.164
5567  35.829
5568  40.268
5569  37.356
5570  43.475
5571  40.227
5572  41.506
5573  44.752
5574  37.199
5575  42.323
5576  42.854
5577  42.629
5578  43.047
5579  41.242
5580  39.106
5581  39.139
5582  37.536
5583  44.457
5584  35.458
5585  39.052
5586  43.963
5587  37.464
5588  38.384
5589  35.353
5590  40.490
5591  39.642
5592  43.271
5593  35.836
5594  35.637
5595  41.881
5596  38.742
5597  44.438
5598  40.295
5599  38.290
5600  35.512
5601  42.240
5602  38.672
5603  39.941
5604  36.541
5605  44.589
5606  40.576
5607  43.029
5608  37.491
5609  44.697
5610  37.874
5611  41.712
5612  36.195
5613  40.734
5614  39.556
5615  36.985
5616  38.603
5617  40.377
5618  44.271
5619  35.695
5620  44.324
5621  39.447
5622  44.791
5623  37.152
5624  39.697
5625  42.217
5626  41.648
5627  36.900
5628  39.701
5629  39.373
5630  35.767
5631  42.284
5632  35.699
5633  43.056
5634  37.170
5635  42.082
5636  42.270
5637  36.809
5638  42.841
5639  37.941
5640  39.258
5641  37.313
5642  38.738
5643  38.634
5644  35.671
5645  36.534
5646  37.667
5647  39.057
5648  40.379
5649  43.695
5650  44.960
5651  43.967
5652  36.234
5653  38.723
5654  42.651
5655  36.148
5656  35.812
5657  36.091
5658  40.963
5659  38.715
5660  42.826
5661  43.726
5662  36.290
5663  44.577
5664  41.205
5665  44.490
5666  36.942
5667  35.274
5668  36.332
5669  44.163
5670  40.311
5671  35.409
5672  36.396
5673  44.166
5674  37.391
5675  43.652
5676  40.599
5677  36.517
5678  40.904
5679  39.065
5680  35.767
5681  36.526
5682  43.349
5683  37.641
5684  40.743
5685  37.106
5686  39.553
5687  36.924
5688  42.802
5689  40.946
5690  41.250
5691  42.552
5692  40.134
5693  44.627
5694  41.651
5695  35.727
5696  36.396
5697  39.432
5698  40.730
5699  38.357
5700  41.028
5701  40.079
5702  43.760
5703  38.346
5704  40.093
5705  44.818
5706  38.715
5707  38.816
5708  44.127
5709  37.977
5710  40.741
5711  41.382
5712  37.746
5713  41.745
5714  39.491
5715  41.954
5716  40.415
5717  43.754
5718  43.061
5719  38.461
5720  36.373
5721  43.515
5722  43.506
5723  44.656
5724  36.019
5725  36.108
5726  35.655
5727  41.813
5728  36.312
5729  35.447
5730  37.576
5731  35.727
5732  41.605
5733  44.212
5734  37.656
5735  39.121
5736  39.309
5737  43.115
5738  35.307
5739  39.825
5740  40.587
5741  35.248
5742  36.493
5743  35.599
5744  44.907
5745  42.159
5746  38.184
5747  41.915
5748  38.172
5749  39.900
5750  38.848
5751  39.918
5752  36.328
5753  44.033
5754  35.353
5755  38.439
5756  44.842
5757  37.797
5758  42.163
5759  40.647
5760  39.663
5761  42.278
5762  42.028
5763  38.615
5764  36.096
5765  35.999
5766  37.609
5767  43.449
5768  42.241
5769  44.298
5770  42.733
5771  35.434
5772  41.451
5773  40.107
5774  35.635
5775  41.959
5776  44.886
5777  38.546
5778  38.604
5779  35.391
5780  39.505
5781  39.263
5782  40.858
5783  43.418
5784  35.216
5785  36.903
5786  35.583
5787  36.316
5788  44.992
5789  40.060
5790  39.367
5791  36.848
5792  42.897
5793  39.823
5794  39.831
5795  37.321
5796  40.247
5797  41.856
5798  42.762
5799  38.281
5800  41.787
5801  36.549
5802  42.587
5803  39.104
5804  35.653
5805  40.069
5806  37.878
5807  41.022
5808  42.716
5809  39.008
5810  42.715
5811  40.213
5812  36.068
5813  42.360
5814  38.028
5815  36.461
5816  43.483
5817  41.674
5818  44.043
5819  43.600
5820  40.838
5821  36.390
5822  42.296
5823  43.243
5824  41.951
5825  41.537
5826  44.526
5827  38.698
5828  37.388
5829  36.830
5830  35.558
5831  35.536
5832  43.214
5833  41.345
5834  40.137
5835  35.148
5836  44.909
5837  39.987
5838  43.430
5839  36.225
5840  39.700
5841  40.746
5842  36.700
5843  36.460
5844  38.694
5845  40.380
5846  44.774
5847  42.730
5848  37.240
5849  37.258
5850  39.187
5851  39.212
5852  42.189
5853  41.835
5854  44.942
5855  41.646
5856  41.839
5857  43.598
5858  37.308
5859  43.099
5860  41.031
5861  43.586
5862  44.647
5863  38.993
5864  41.799
5865  39.515
5866  37.479
5867  44.404
5868  44.787
5869  35.627
5870  39.858
5871  35.091
5872  43.071
5873  38.119
5874  42.063
5875  36.046
5876  41.811
5877  35.606
5878  40.892
5879  42.251
5880  41.110
5881  39.835
5882  42.613
5883  41.239
5884  37.883
5885  39.775
5886  37.192
5887  44.574
5888  37.387
5889  38.053
5890  42.010
5891  36.765
5892  12.091
5893  35.760
5894  38.512
5895  40.737
5896  35.991
5897  41.476
5898  35.560
5899  38.506
5900  43.889
5901  43.301
5902  39.827
5903  44.074
5904  38.933
5905  44.492
5906  35.142
5907  37.802
5908  42.247
5909  43.720
5910  35.826
5911  44.902
5912  39.506
5913  37.532
5914  35.774
5915  39.555
5916  42.763
5917  38.968
5918  42.889
5919  43.654
5920  39.589
5921  42.912
5922  44.118
5923  36.813
5924  40.711
5925  38.185
5926  40.036
5927  37.357
5928  42.135
5929  38.775
5930  40.590
5931  35.237
5932  44.075
5933  39.662
5934  40.378
5935  37.405
5936  41.042
5937  37.317
5938  35.836
5939  43.848
5940  38.041
5941  42.462
5942  40.830
5943  42.872
5944  43.382
5945  35.682
5946  42.103
5947  37.265
5948  44.631
5949  35.198
5950  37.574
5951  43.457
5952  37.364
5953  38.062
5954  35.404
5955  42.949
5956  42.491
5957  38.379
5958  44.480
5959  35.802
5960  43.397
5961  40.102
5962  39.643
5963  42.893
5964  38.199
5965  41.106
5966  39.303
5967  37.256
5968  37.229
5969  38.100
5970  40.692
5971  44.396
5972  40.418
5973  43.686
5974  38.562
5975  43.833
5976  36.573
5977  43.940
5978  39.453
5979  38.154
5980  43.981
5981  40.732
5982  36.355
5983  35.060
5984  38.852
5985  37.029
5986  39.262
5987  39.360
5988  39.400
5989  36.159
5990  35.928
5991  41.422
5992  35.403
5993  38.745
5994  41.008
5995  39.447
5996  38.615
5997  39.897
5998  42.955
5999  43.323
6000  42.648
6001  44.342
6002  40.086
6003  36.566
6004  44.390
6005  44.514
6006  40.086
6007  35.011
6008  43.853
6009  35.715
6010  42.872
6011  41.255
6012  44.529
6013  38.397
6014  36.039
6015  42.646
6016  35.867
6017  37.472
6018  42.590
6019  21.269
6020  36.572
6021  40.555
6022  44.503
6023  40.087
6024  39.928
6025  40.948
6026  42.749
6027  35.440
6028  36.590
6029  36.669
6030  44.581
6031  43.942
6032  44.685
6033  37.769
6034  44.196
6035  38.603
6036  36.959
6037  39.893
6038  40.866
6039  39.414
6040  41.583
6041  35.106
6042  37.584
6043  39.593
6044  40.401
6045  37.940
6046  40.458
6047  40.847
6048  44.229
6049  36.248
6050  40.801
6051  37.520
6052  36.486
6053  35.435
6054  35.638
6055  41.297
6056  41.887
6057  43.405
6058  42.650
6059  41.067
6060  36.102
6061  37.285
6062  43.532
6063  43.151
6064  39.606
6065  41.015
6066  39.279
6067  40.760
6068  38.974
6069  44.509
6070  42.171
6071  43.882
6072  37.498
6073  39.947
6074  44.192
6075  36.173
6076  38.656
6077  39.937
6078  43.195
6079  44.002
6080  44.165
6081  41.157
6082  39.290
6083  43.934
6084  40.652
6085  39.653
6086  42.093
6087  42.732
6088  39.645
6089  40.434
6090  36.894
6091  35.200
6092  42.019
6093  38.390
6094  44.461
6095  42.856
6096  35.735
6097  36.370
6098  43.510
6099  36.294
6100  42.902
6101  43.181
6102  37.328
6103  37.074
6104  35.624
6105  38.648
6106  43.746
6107  35.110
6108  35.502
6109  42.414
6110  35.411
6111  40.964
6112  36.379
6113  39.599
6114  44.006
6115  42.469
6116  42.332
6117  41.207
6118  43.967
6119  36.355
6120  43.280
6121  40.245
6122  37.578
6123  36.949
6124  37.315
6125  41.493
6126  35.269
6127  40.277
6128  38.584
6129  39.573
6130  42.496
6131  44.754
6132  36.124
6133  42.992
6134  42.535
6135  38.289
6136  36.546
6137  44.955
6138  35.164
6139  35.300
6140  42.958
6141  43.204
6142  39.937
6143  39.628
6144  35.320
6145  35.602
6146  41.885
6147  44.553
6148  39.959
6149  44.329
6150  42.029
6151  39.170
6152  43.264
6153  38.556
6154  41.712
6155  40.851
6156  36.124
6157  39.517
6158  38.238
6159  35.117
6160  41.366
6161  38.323
6162  42.530
6163  42.683
6164  41.410
6165  37.952
6166  43.225
6167  38.800
6168  36.195
6169  42.064
6170  39.031
6171  44.618
6172  37.002
6173  39.907
6174  41.283
6175  41.268
6176  37.920
6177  43.343
6178  44.323
6179  38.190
6180  38.633
6181  42.008
6182  35.379
6183  37.307
6184  41.744
6185  40.321
6186  42.155
6187  39.454