1  35.109
2  35.470
3  41.835
4  44.071
5  42.022
6  41.870
7  43.745
8  37.670
9  43.111
10  40.592
11  39.309
12  41.385
13  37.558
14  44.487
15  35.614
16  40.668
17  42.229
18  42.199
19  37.833
20  37.348
21  41.024
22  43.728
23  40.448
24  38.454
25  44.233
26  44.556
27  36.513
28  40.840
29  43.589
30  44.782
31  40.623
32  42.598
33  43.618
34  40.529
35  41.143
36  41.543
37  41.650
38  40.612
39  37.434
40  35.123
41  44.675
42  43.032
43  44.945
44  44.657
45  40.562
46  41.859
47  42.480
48  35.833
49  39.016
50  43.852
51  38.201
52  44.916
53  42.678
54  40.340
55  44.419
56  41.875
57  21.832
58  40.026
59  38.374
60  21.987
61  42.167
62  36.148
63  37.403
64  43.232
65  44.149
66  42.181
67  43.011
68  41.520
69  35.707
70  38.073
71  35.081
72  35.042
73  15.366
74  20.850
75  39.446
76  38.046
77  44.106
78  41.845
79  44.927
80  37.745
81  43.304
82  37.502
83  39.648
84  40.117
85  41.480
86  40.953
87  44.835
88  36.669
89  35.482
90  37.882
91  36.176
92  38.605
93  44.170
94  43.039
95  44.936
96  39.768
97  36.819
98  36.750
99  38.433
100  38.894
101  37.495
102  42.624
103  37.194
104  42.358
105  36.501
106  41.380
107  38.181
108  43.475
109  38.058
110  39.044
111  44.972
112  40.938
113  37.600
114  44.621
115  42.536
116  40.814
117  43.772
118  38.743
119  37.681
120  42.171
121  43.853
122  44.404
123  35.865
124  35.966
125  38.932
126  38.446
127  35.426
128  42.493
129  44.947
130  36.474
131  37.303
132  42.627
133  42.133
134  41.558
135  37.675
136  43.597
137  39.260
138  37.464
139  40.571
140  44.756
141  39.455
142  38.935
143  40.630
144  36.201
145  36.451
146  41.050
147  10.144
148  38.203
149  37.480
150  44.106
151  37.680
152  43.843
153  40.273
154  41.056
155  39.296
156  43.791
157  43.534
158  40.101
159  40.159
160  41.124
161  42.300
162  37.765
163  36.024
164  39.740
165  43.943
166  36.996
167  41.397
168  38.112
169  42.111
170  43.160
171  39.167
172  40.945
173  39.149
174  38.181
175  44.744
176  41.590
177  41.939
178  41.609
179  40.861
180  39.996
181  43.470
182  36.283
183  39.331
184  35.692
185  40.870
186  37.600
187  44.098
188  44.774
189  35.909
190  42.640
191  39.456
192  40.084
193  43.605
194  44.201
195  39.854
196  39.003
197  44.197
198  35.822
199  42.433
200  36.591
201  35.997
202  39.912
203  10.119
204  41.893
205  39.087
206  36.753
207  41.486
208  39.534
209  35.183
210  35.587
211  44.157
212  37.714
213  40.123
214  38.488
215  44.566
216  44.343
217  35.710
218  38.580
219  35.386
220  39.894
221  42.862
222  40.631
223  35.095
224  36.318
225  42.455
226  39.439
227  43.139
228  40.500
229  40.154
230  36.066
231  39.172
232  41.622
233  35.617
234  41.708
235  35.028
236  41.331
237  37.815
238  41.752
239  40.610
240  35.676
241  40.521
242  41.156
243  41.771
244  35.516
245  40.774
246  37.691
247  44.000
248  35.789
249  38.976
250  36.723
251  38.546
252  12.488
253  35.798
254  36.208
255  43.342
256  42.249
257  36.943
258  41.157
259  35.616
260  40.604
261  43.581
262  42.754
263  44.260
264  44.667
265  35.919
266  39.288
267  37.084
268  36.012
269  35.519
270  36.442
271  43.987
272  40.215
273  36.130
274  42.664
275  40.858
276  44.495
277  21.082
278  40.322
279  43.292
280  44.512
281  42.498
282  42.731
283  41.434
284  38.224
285  39.132
286  42.094
287  36.737
288  40.367
289  37.959
290  44.759
291  43.181
292  41.445
293  41.153
294  43.342
295  43.538
296  42.213
297  35.786
298  38.545
299  37.526
300  39.936
301  44.007
302  36.324
303  35.986
304  38.705
305  40.060
306  41.116
307  39.830
308  43.858
309  19.171
310  42.349
311  42.041
312  38.719
313  37.110
314  37.390
315  43.080
316  37.674
317  38.271
318  40.920
319  39.423
320  39.015
321  40.712
322  42.348
323  37.611
324  37.288
325  43.121
326  38.932
327  43.608
328  37.384
329  40.018
330  43.924
331  43.653
332  43.482
333  44.007
334  41.314
335  38.833
336  40.378
337  35.595
338  44.361
339  44.662
340  44.958
341  35.241
342  41.151
343  39.584
344  40.199
345  38.790
346  39.762
347  36.159
348  41.603
349  35.655
350  38.008
351  44.280
352  44.161
353  36.506
354  40.361
355  44.938
356  44.540
357  40.266
358  35.116
359  43.778
360  43.212
361  36.589
362  40.987
363  35.783
364  35.845
365  44.546
366  36.806
367  43.465
368  44.801
369  38.752
370  38.122
371  42.151
372  39.848
373  39.080
374  37.827
375  36.447
376  38.188
377  39.960
378  30.344
379  37.256
380  43.765
381  43.034
382  44.342
383  39.127
384  43.707
385  44.523
386  38.564
387  38.742
388  40.426
389  40.525
390  44.128
391  37.599
392  42.597
393  43.290
394  37.155
395  44.466
396  43.082
397  37.807
398  41.583
399  39.225
400  35.537
401  39.490
402  39.642
403  40.095
404  43.792
405  43.339
406  36.094
407  43.885
408  41.268
409  35.913
410  36.771
411  38.955
412  37.742
413  38.163
414  43.888
415  40.859
416  11.611
417  44.599
418  42.125
419  38.175
420  44.889
421  43.214
422  44.132
423  38.691
424  41.848
425  40.754
426  44.844
427  40.201
428  11.092
429  40.834
430  38.736
431  39.835
432  38.433
433  40.744
434  42.167
435  44.744
436  40.429
437  37.026
438  42.956
439  37.592
440  36.711
441  43.617
442  44.158
443  38.292
444  42.827
445  36.066
446  42.118
447  43.012
448  41.780
449  43.734
450  44.498
451  36.085
452  43.889
453  38.118
454  42.054
455  42.365
456  36.038
457  35.334
458  39.762
459  36.616
460  42.884
461  39.625
462  40.460
463  36.968
464  41.596
465  38.189
466  35.078
467  40.993
468  39.592
469  44.519
470  39.077
471  43.395
472  35.091
473  40.701
474  38.148
475  36.181
476  36.677
477  40.659
478  39.598
479  43.328
480  35.979
481  36.628
482  39.485
483  42.635
484  39.489
485  36.603
486  38.762
487  36.555
488  39.107
489  37.281
490  44.740
491  36.299
492  43.558
493  41.078
494  44.981
495  44.750
496  43.524
497  37.318
498  37.413
499  38.620
500  37.092
501  39.387
502  38.191
503  35.757
504  42.805
505  37.841
506  38.080
507  35.396
508  36.426
509  35.427
510  43.543
511  35.406
512  38.786
513  35.510
514  37.570
515  35.260
516  36.277
517  41.625
518  43.920
519  35.670
520  44.437
521  43.044
522  40.102
523  36.023
524  40.736
525  35.540
526  44.568
527  42.221
528  36.011
529  38.365
530  41.583
531  43.607
532  35.191
533  41.728
534  44.017
535  37.965
536  39.887
537  35.330
538  43.532
539  18.555
540  41.569
541  37.626
542  40.662
543  43.842
544  18.892
545  42.338
546  41.815
547  35.470
548  40.138
549  35.756
550  38.600
551  44.374
552  39.051
553  44.831
554  40.550
555  41.266
556  42.840
557  44.772
558  40.177
559  44.114
560  38.057
561  36.894
562  43.365
563  36.102
564  41.352
565  36.001
566  35.494
567  40.924
568  37.075
569  38.754
570  35.461
571  38.936
572  38.287
573  40.717
574  41.740
575  37.406
576  41.468
577  42.104
578  37.867
579  44.226
580  35.911
581  35.709
582  44.932
583  42.138
584  24.224
585  37.013
586  40.269
587  35.805
588  42.506
589  36.310
590  36.779
591  38.856
592  35.245
593  40.735
594  12.852
595  36.530
596  41.220
597  40.299
598  36.255
599  42.841
600  44.707
601  42.965
602  41.533
603  43.886
604  36.429
605  44.485
606  10.075
607  39.460
608  44.652
609  38.007
610  36.193
611  39.215
612  42.531
613  37.310
614  41.369
615  38.164
616  44.415
617  36.030
618  37.692
619  43.426
620  41.016
621  35.639
622  35.866
623  37.098
624  43.217
625  35.852
626  26.953
627  35.842
628  37.428
629  40.571
630  35.067
631  41.831
632  36.179
633  43.645
634  43.856
635  36.660
636  44.055
637  41.619
638  39.330
639  41.630
640  44.170
641  37.533
642  38.535
643  42.155
644  41.673
645  41.596
646  38.776
647  41.383
648  42.666
649  41.114
650  43.130
651  41.383
652  39.416
653  41.793
654  42.966
655  42.839
656  38.826
657  38.540
658  36.249
659  37.031
660  36.084
661  35.319
662  39.315
663  39.310
664  44.889
665  38.702
666  38.434
667  35.048
668  39.513
669  43.342
670  35.782
671  41.750
672  43.811
673  42.685
674  37.073
675  35.602
676  37.235
677  39.332
678  38.208
679  44.397
680  40.716
681  37.018
682  38.244
683  39.063
684  40.913
685  42.444
686  37.165
687  41.406
688  38.389
689  39.710
690  41.595
691  44.712
692  36.817
693  36.315
694  42.347
695  40.752
696  37.110
697  42.619
698  43.275
699  38.868
700  35.872
701  41.350
702  19.145
703  41.326
704  35.363
705  35.525
706  35.859
707  42.685
708  40.121
709  35.228
710  43.954
711  41.710
712  35.485
713  37.380
714  41.223
715  37.589
716  36.503
717  40.293
718  35.404
719  43.004
720  40.602
721  36.717
722  40.136
723  40.383
724  39.980
725  38.246
726  42.863
727  44.339
728  37.388
729  44.435
730  41.475
731  40.575
732  35.977
733  35.553
734  35.798
735  44.798
736  44.435
737  36.167
738  44.717
739  39.719
740  42.971
741  36.496
742  35.213
743  38.539
744  44.733
745  41.122
746  38.413
747  39.322
748  43.617
749  39.216
750  41.136
751  42.402
752  43.532
753  37.740
754  44.701
755  35.329
756  39.500
757  36.821
758  36.315
759  41.671
760  39.940
761  38.731
762  41.457
763  39.230
764  40.812
765  44.268
766  35.818
767  41.913
768  37.558
769  44.388
770  44.818
771  40.581
772  36.313
773  37.262
774  43.510
775  39.757
776  42.577
777  38.733
778  41.976
779  42.567
780  41.913
781  40.470
782  35.267
783  41.793
784  39.845
785  38.608
786  35.944
787  40.528
788  37.877
789  42.118
790  42.074
791  42.978
792  43.751
793  37.316
794  44.304
795  43.007
796  36.945
797  39.002
798  40.299
799  44.480
800  35.631
801  40.428
802  42.149
803  43.055
804  36.156
805  42.960
806  43.770
807  39.125
808  36.956
809  38.241
810  42.121
811  44.974
812  42.206
813  36.778
814  43.188
815  38.605
816  42.700
817  41.152
818  38.894
819  39.923
820  40.756
821  40.095
822  41.963
823  43.405
824  43.452
825  43.434
826  41.069
827  41.578
828  40.492
829  40.532
830  43.534
831  42.353
832  36.227
833  43.964
834  42.169
835  44.106
836  40.512
837  39.840
838  40.898
839  39.856
840  36.059
841  36.220
842  42.372
843  43.388
844  43.276
845  42.355
846  44.024
847  43.200
848  35.569
849  39.380
850  36.667
851  39.454
852  44.000
853  37.695
854  37.000
855  36.884
856  39.799
857  41.050
858  42.120
859  35.873
860  37.965
861  13.757
862  44.637
863  37.442
864  38.218
865  38.012
866  41.084
867  44.189
868  42.085
869  42.656
870  40.800
871  44.424
872  41.034
873  44.104
874  36.938
875  42.388
876  43.170
877  35.729
878  35.999
879  29.899
880  42.950
881  44.220
882  41.660
883  35.688
884  43.452
885  36.975
886  43.924
887  43.803
888  42.306
889  36.235
890  39.088
891  41.185
892  40.052
893  40.995
894  44.087
895  36.414
896  37.330
897  36.487
898  36.965
899  37.074
900  36.493
901  38.583
902  41.435
903  43.125
904  38.433
905  42.521
906  40.063
907  38.097
908  42.836
909  39.697
910  35.937
911  43.748
912  43.680
913  41.382
914  15.935
915  40.094
916  35.276
917  44.980
918  38.564
919  41.810
920  44.170
921  40.614
922  39.358
923  43.127
924  36.597
925  35.172
926  37.622
927  38.992
928  41.718
929  41.941
930  44.794
931  40.024
932  38.859
933  41.512
934  36.996
935  40.380
936  37.069
937  38.252
938  22.342
939  40.787
940  38.914
941  33.681
942  39.921
943  42.854
944  37.260
945  37.591
946  39.475
947  38.137
948  43.062
949  42.104
950  44.268
951  38.550
952  41.627
953  36.036
954  37.273
955  40.285
956  40.127
957  38.585
958  44.270
959  42.897
960  36.802
961  41.306
962  39.977
963  42.429
964  36.561
965  40.276
966  36.614
967  42.401
968  36.851
969  43.852
970  38.023
971  39.372
972  40.832
973  44.663
974  39.837
975  37.394
976  35.161
977  41.415
978  42.507
979  35.284
980  40.603
981  41.064
982  44.814
983  12.031
984  43.955
985  38.954
986  35.207
987  40.345
988  42.796
989  38.726
990  36.611
991  43.004
992  36.564
993  44.845
994  42.869
995  39.271
996  38.066
997  35.505
998  36.992
999  42.743
1000  35.406
1001  40.216
1002  42.231
1003  35.432
1004  39.975
1005  43.184
1006  35.046
1007  38.835
1008  41.690
1009  38.896
1010  35.469
1011  44.627
1012  41.336
1013  37.232
1014  42.196
1015  41.416
1016  21.161
1017  35.067
1018  37.640
1019  40.320
1020  36.466
1021  41.476
1022  35.275
1023  37.337
1024  42.028
1025  39.490
1026  37.413
1027  16.127
1028  38.315
1029  39.625
1030  42.588
1031  33.912
1032  41.894
1033  42.287
1034  40.814
1035  39.787
1036  41.402
1037  39.948
1038  42.912
1039  36.046
1040  41.792
1041  44.560
1042  41.493
1043  40.507
1044  39.804
1045  41.880
1046  43.502
1047  39.615
1048  35.035
1049  35.995
1050  41.361
1051  35.437
1052  39.644
1053  39.046
1054  42.390
1055  44.384
1056  36.782
1057  42.444
1058  42.179
1059  43.341
1060  39.199
1061  42.791
1062  40.998
1063  28.329
1064  36.903
1065  43.082
1066  40.456
1067  39.733
1068  38.060
1069  43.276
1070  36.923
1071  38.084
1072  44.757
1073  36.650
1074  39.777
1075  40.935
1076  44.077
1077  44.829
1078  43.259
1079  37.822
1080  44.386
1081  35.907
1082  36.998
1083  41.840
1084  36.794
1085  36.284
1086  39.170
1087  35.213
1088  35.187
1089  38.895
1090  36.001
1091  42.175
1092  38.785
1093  35.609
1094  44.258
1095  43.827
1096  42.265
1097  36.167
1098  41.695
1099  36.505
1100  37.088
1101  44.796
1102  44.854
1103  38.396
1104  35.452
1105  38.530
1106  35.999
1107  36.116
1108  43.502
1109  37.387
1110  42.973
1111  35.201
1112  40.980
1113  44.684
1114  42.721
1115  40.514
1116  43.208
1117  41.995
1118  44.334
1119  44.349
1120  40.767
1121  24.814
1122  36.735
1123  41.007
1124  37.919
1125  36.168
1126  37.333
1127  39.516
1128  35.565
1129  35.977
1130  37.955
1131  35.619
1132  42.286
1133  39.446
1134  38.119
1135  43.127
1136  40.678
1137  42.394
1138  44.563
1139  30.639
1140  38.447
1141  36.709
1142  42.239
1143  39.933
1144  40.264
1145  37.478
1146  40.301
1147  41.136
1148  38.783
1149  14.743
1150  43.863
1151  41.822
1152  36.728
1153  37.002
1154  44.625
1155  35.603
1156  35.394
1157  39.025
1158  42.564
1159  36.673
1160  38.199
1161  40.926
1162  41.736
1163  40.515
1164  44.101
1165  35.450
1166  39.110
1167  40.477
1168  39.164
1169  35.080
1170  36.363
1171  42.705
1172  41.736
1173  38.754
1174  36.833
1175  43.768
1176  36.577
1177  35.321
1178  42.387
1179  39.318
1180  41.963
1181  40.895
1182  40.873
1183  38.916
1184  36.420
1185  40.811
1186  40.260
1187  35.622
1188  40.817
1189  42.346
1190  38.725
1191  37.745
1192  38.096
1193  37.803
1194  40.186
1195  35.654
1196  41.988
1197  41.906
1198  37.521
1199  38.677
1200  36.523
1201  42.647
1202  30.913
1203  38.562
1204  37.481
1205  43.831
1206  39.624
1207  40.848
1208  42.555
1209  35.606
1210  35.298
1211  39.176
1212  35.908
1213  40.346
1214  42.110
1215  41.060
1216  36.251
1217  42.147
1218  42.155
1219  42.562
1220  43.238
1221  43.758
1222  35.739
1223  41.682
1224  41.864
1225  42.493
1226  40.722
1227  38.331
1228  42.292
1229  35.330
1230  44.962
1231  37.211
1232  39.354
1233  36.559
1234  40.822
1235  37.277
1236  35.127
1237  38.866
1238  39.431
1239  37.520
1240  43.396
1241  40.750
1242  39.304
1243  41.975
1244  35.537
1245  39.103
1246  39.829
1247  36.366
1248  40.441
1249  36.689
1250  44.946
1251  40.695
1252  38.480
1253  40.575
1254  36.575
1255  39.855
1256  21.486
1257  41.418
1258  35.621
1259  37.049
1260  44.515
1261  40.021
1262  41.534
1263  40.071
1264  37.715
1265  40.720
1266  37.896
1267  43.137
1268  42.859
1269  38.409
1270  35.950
1271  42.347
1272  36.485
1273  39.168
1274  44.812
1275  43.721
1276  44.614
1277  42.434
1278  37.978
1279  30.288
1280  40.690
1281  41.405
1282  11.995
1283  43.482
1284  38.561
1285  40.474
1286  42.236
1287  29.091
1288  44.480
1289  36.509
1290  43.097
1291  39.612
1292  43.149
1293  39.981
1294  38.963
1295  36.162
1296  18.725
1297  39.492
1298  41.964
1299  38.087
1300  41.849
1301  36.638
1302  38.768
1303  36.240
1304  36.339
1305  37.410
1306  40.689
1307  35.562
1308  39.976
1309  42.887
1310  44.199
1311  37.320
1312  36.463
1313  36.485
1314  36.232
1315  35.483
1316  38.781
1317  38.249
1318  43.416
1319  38.046
1320  43.726
1321  36.510
1322  19.199
1323  40.802
1324  42.723
1325  42.885
1326  36.295
1327  35.874
1328  37.104
1329  43.378
1330  38.983
1331  44.917
1332  36.223
1333  43.000
1334  36.970
1335  40.820
1336  38.088
1337  43.714
1338  38.397
1339  38.395
1340  44.950
1341  41.462
1342  38.921
1343  14.029
1344  41.933
1345  41.834
1346  37.615
1347  42.521
1348  38.851
1349  43.054
1350  44.184
1351  42.657
1352  41.648
1353  36.595
1354  39.800
1355  42.825
1356  35.083
1357  39.210
1358  38.826
1359  39.091
1360  43.273
1361  41.243
1362  37.397
1363  38.423
1364  36.164
1365  37.322
1366  35.842
1367  18.236
1368  44.863
1369  35.457
1370  42.609
1371  38.517
1372  40.355
1373  35.679
1374  38.885
1375  40.050
1376  42.408
1377  39.422
1378  36.911
1379  43.531
1380  37.329
1381  38.153
1382  43.933
1383  41.197
1384  38.164
1385  36.792
1386  43.320
1387  43.587
1388  35.045
1389  42.288
1390  37.933
1391  41.831
1392  42.785
1393  44.456
1394  36.951
1395  38.162
1396  40.274
1397  44.268
1398  43.150
1399  42.759
1400  43.436
1401  36.438
1402  15.329
1403  44.916
1404  38.377
1405  35.772
1406  35.863
1407  37.773
1408  36.769
1409  37.413
1410  35.668
1411  37.456
1412  44.183
1413  40.208
1414  41.054
1415  42.116
1416  44.411
1417  42.089
1418  43.307
1419  42.797
1420  39.023
1421  39.231
1422  36.651
1423  44.114
1424  39.102
1425  35.298
1426  38.043
1427  41.889
1428  35.729
1429  35.690
1430  41.519
1431  42.336
1432  40.699
1433  37.167
1434  42.176
1435  40.444
1436  39.774
1437  37.583
1438  38.364
1439  43.346
1440  37.751
1441  37.544
1442  44.916
1443  41.416
1444  42.123
1445  40.624
1446  40.550
1447  36.630
1448  35.935
1449  37.682
1450  39.937
1451  39.475
1452  38.068
1453  36.121
1454  37.531
1455  38.521
1456  36.779
1457  42.205
1458  36.838
1459  36.215
1460  35.571
1461  40.438
1462  35.865
1463  37.652
1464  35.482
1465  41.447
1466  36.295
1467  38.773
1468  42.211
1469  39.680
1470  40.727
1471  36.222
1472  40.612
1473  36.246
1474  37.031
1475  35.451
1476  37.043
1477  37.359
1478  41.228
1479  37.330
1480  35.667
1481  44.322
1482  37.486
1483  43.053
1484  38.821
1485  40.034
1486  38.157
1487  38.987
1488  37.006
1489  40.300
1490  39.349
1491  36.575
1492  37.861
1493  43.177
1494  36.589
1495  39.512
1496  41.808
1497  38.356
1498  40.610
1499  42.923
1500  40.158
1501  38.660
1502  42.405
1503  43.855
1504  41.760
1505  37.150
1506  40.150
1507  43.020
1508  36.194
1509  36.239
1510  36.377
1511  43.669
1512  36.633
1513  42.235
1514  37.103
1515  38.381
1516  41.729
1517  38.092
1518  37.630
1519  40.851
1520  36.021
1521  35.494
1522  42.967
1523  35.192
1524  38.832
1525  40.850
1526  37.112
1527  38.487
1528  40.436
1529  39.274
1530  43.898
1531  36.011
1532  42.283
1533  40.756
1534  44.070
1535  41.137
1536  44.138
1537  39.382
1538  37.003
1539  41.534
1540  43.346
1541  41.947
1542  39.788
1543  35.722
1544  44.223
1545  35.904
1546  44.628
1547  42.973
1548  38.084
1549  38.130
1550  40.139
1551  35.820
1552  42.921
1553  27.508
1554  40.472
1555  35.579
1556  40.874
1557  39.141
1558  39.727
1559  35.914
1560  41.232
1561  43.548
1562  40.990
1563  38.799
1564  41.266
1565  40.334
1566  39.404
1567  43.406
1568  36.670
1569  41.894
1570  42.572
1571  44.302
1572  41.573
1573  39.752
1574  41.603
1575  44.322
1576  26.057
1577  39.955
1578  41.699
1579  44.016
1580  42.720
1581  39.876
1582  38.626
1583  39.769
1584  12.024
1585  43.055
1586  36.078
1587  38.489
1588  41.753
1589  39.059
1590  44.066
1591  44.462
1592  37.284
1593  37.621
1594  39.097
1595  44.269
1596  40.904
1597  41.766
1598  36.772
1599  41.159
1600  39.432
1601  38.269
1602  44.161
1603  37.875
1604  44.391
1605  41.978
1606  43.538
1607  42.115
1608  40.586
1609  37.240
1610  36.311
1611  41.507
1612  44.503
1613  38.644
1614  35.262
1615  35.180
1616  42.380
1617  38.105
1618  41.064
1619  41.434
1620  43.223
1621  37.976
1622  44.955
1623  35.143
1624  44.478
1625  35.395
1626  37.115
1627  43.262
1628  44.159
1629  39.381
1630  44.873
1631  38.152
1632  44.826
1633  41.652
1634  37.046
1635  41.477
1636  35.168
1637  35.809
1638  39.517
1639  44.273
1640  36.546
1641  39.626
1642  44.219
1643  41.004
1644  39.445
1645  36.193
1646  44.131
1647  39.380
1648  36.157
1649  36.212
1650  37.935
1651  41.291
1652  43.846
1653  43.411
1654  37.683
1655  40.426
1656  44.215
1657  37.905
1658  38.049
1659  37.767
1660  36.169
1661  36.983
1662  43.636
1663  37.591
1664  44.500
1665  43.542
1666  38.098
1667  42.375
1668  40.691
1669  44.612
1670  40.820
1671  37.255
1672  37.946
1673  36.543
1674  36.058
1675  38.050
1676  36.434
1677  42.185
1678  43.494
1679  38.310
1680  43.924
1681  41.942
1682  36.115
1683  44.274
1684  36.762
1685  40.772
1686  40.529
1687  41.366
1688  43.160
1689  38.154
1690  40.532
1691  41.652
1692  43.383
1693  44.924
1694  35.200
1695  37.067
1696  42.891
1697  30.481
1698  37.521
1699  37.218
1700  33.017
1701  36.208
1702  38.574
1703  44.137
1704  44.425
1705  43.357
1706  40.539
1707  42.332
1708  39.715
1709  41.998
1710  40.122
1711  37.075
1712  42.536
1713  38.933
1714  31.422
1715  41.290
1716  40.314
1717  36.192
1718  40.057
1719  38.140
1720  39.350
1721  44.915
1722  43.074
1723  44.277
1724  41.028
1725  43.932
1726  39.362
1727  39.449
1728  41.382
1729  38.080
1730  40.247
1731  43.175
1732  42.425
1733  42.830
1734  43.747
1735  41.795
1736  37.187
1737  42.388
1738  42.328
1739  42.868
1740  36.129
1741  19.428
1742  43.614
1743  40.166
1744  44.931
1745  36.515
1746  43.043
1747  35.077
1748  36.662
1749  43.259
1750  43.289
1751  41.623
1752  37.778
1753  42.174
1754  40.243
1755  39.739
1756  36.787
1757  38.111
1758  41.278
1759  36.014
1760  37.510
1761  44.569
1762  44.650
1763  40.627
1764  42.279
1765  44.469
1766  41.035
1767  39.686
1768  44.401
1769  35.213
1770  44.967
1771  40.528
1772  41.332
1773  44.256
1774  39.560
1775  38.225
1776  35.764
1777  41.475
1778  36.137
1779  43.097
1780  40.072
1781  35.548
1782  36.162
1783  36.149
1784  40.656
1785  41.080
1786  42.145
1787  36.873
1788  38.564
1789  40.218
1790  38.628
1791  36.594
1792  42.445
1793  41.434
1794  42.015
1795  43.096
1796  39.512
1797  17.475
1798  39.936
1799  36.192
1800  41.655
1801  38.962
1802  43.163
1803  39.921
1804  41.525
1805  37.095
1806  38.419
1807  39.474
1808  36.594
1809  42.695
1810  36.359
1811  38.266
1812  41.658
1813  42.174
1814  38.284
1815  37.143
1816  38.955
1817  38.123
1818  40.605
1819  37.024
1820  44.940
1821  38.273
1822  39.750
1823  40.946
1824  39.498
1825  41.907
1826  41.508
1827  36.565
1828  43.944
1829  38.648
1830  40.770
1831  43.210
1832  37.803
1833  37.891
1834  42.369
1835  37.785
1836  42.505
1837  39.178
1838  42.591
1839  35.738
1840  44.077
1841  35.133
1842  39.011
1843  41.800
1844  39.860
1845  36.899
1846  40.365
1847  42.163
1848  37.639
1849  44.565
1850  36.656
1851  43.173
1852  37.175
1853  42.342
1854  38.251
1855  37.054
1856  40.046
1857  35.475
1858  41.183
1859  37.753
1860  39.128
1861  36.861
1862  41.434
1863  39.307
1864  42.858
1865  41.030
1866  43.408
1867  41.849
1868  42.159
1869  36.291
1870  41.915
1871  40.623
1872  37.700
1873  42.065
1874  38.635
1875  41.808
1876  38.639
1877  43.702
1878  36.053
1879  41.764
1880  35.939
1881  39.435
1882  43.881
1883  44.139
1884  39.152
1885  35.386
1886  42.402
1887  38.571
1888  44.692
1889  37.654
1890  36.642
1891  40.548
1892  39.902
1893  35.427
1894  44.671
1895  35.988
1896  44.170
1897  35.959
1898  43.250
1899  36.699
1900  40.072
1901  40.312
1902  38.567
1903  36.607
1904  37.616
1905  40.299
1906  38.751
1907  43.635
1908  44.415
1909  36.477
1910  39.198
1911  35.909
1912  38.818
1913  37.888
1914  36.331
1915  35.079
1916  43.571
1917  44.946
1918  41.875
1919  37.121
1920  35.442
1921  43.191
1922  42.687
1923  24.607
1924  37.123
1925  36.448
1926  35.772
1927  35.014
1928  38.807
1929  40.817
1930  37.102
1931  35.609
1932  43.439
1933  42.844
1934  41.672
1935  43.220
1936  40.675
1937  36.864
1938  41.837
1939  39.045
1940  41.195
1941  14.645
1942  37.354
1943  35.193
1944  27.634
1945  41.544
1946  42.970
1947  37.971
1948  44.612
1949  35.427
1950  43.385
1951  43.180
1952  39.846
1953  35.479
1954  36.101
1955  37.664
1956  42.194
1957  36.313
1958  39.143
1959  41.177
1960  39.125
1961  28.645
1962  42.078
1963  35.652
1964  35.325
1965  42.584
1966  36.718
1967  36.832
1968  38.434
1969  36.137
1970  10.119
1971  44.815
1972  37.129
1973  35.884
1974  36.451
1975  41.865
1976  44.359
1977  38.879
1978  37.461
1979  39.934
1980  44.003
1981  39.053
1982  36.558
1983  38.779
1984  36.403
1985  40.428
1986  42.500
1987  36.890
1988  44.403
1989  43.069
1990  40.921
1991  40.947
1992  35.011
1993  35.101
1994  39.989
1995  40.666
1996  39.942
1997  36.771
1998  42.202
1999  42.112
2000  41.406
2001  35.824
2002  36.566
2003  35.899
2004  37.499
2005  35.041
2006  44.844
2007  35.174
2008  37.968
2009  40.581
2010  35.148
2011  42.076
2012  36.160
2013  42.352
2014  37.189
2015  36.397
2016  39.930
2017  43.116
2018  36.220
2019  39.639
2020  41.119
2021  37.090
2022  12.888
2023  35.513
2024  44.771
2025  38.993
2026  37.499
2027  38.244
2028  37.268
2029  40.367
2030  43.848
2031  40.988
2032  35.632
2033  35.117
2034  42.284
2035  43.597
2036  41.355
2037  38.055
2038  39.486
2039  41.679
2040  39.606
2041  35.976
2042  40.182
2043  40.631
2044  43.093
2045  42.211
2046  44.581
2047  42.163
2048  37.199
2049  36.894
2050  36.309
2051  40.395
2052  38.027
2053  38.165
2054  35.517
2055  41.717
2056  38.373
2057  39.999
2058  36.313
2059  39.315
2060  42.295
2061  35.359
2062  44.981
2063  39.664
2064  40.418
2065  41.600
2066  41.820
2067  39.489
2068  38.787
2069  36.369
2070  40.221
2071  44.781
2072  35.005
2073  42.019
2074  36.964
2075  40.818
2076  43.569
2077  41.401
2078  44.474
2079  39.123
2080  40.441
2081  44.413
2082  39.272
2083  40.788
2084  38.547
2085  40.420
2086  39.442
2087  43.433
2088  35.355
2089  40.095
2090  35.977
2091  44.466
2092  40.861
2093  35.275
2094  37.213
2095  38.250
2096  43.022
2097  43.476
2098  42.270
2099  43.496
2100  40.758
2101  42.492
2102  40.825
2103  41.709
2104  40.032
2105  42.759
2106  42.568
2107  42.537
2108  39.751
2109  42.845
2110  38.989
2111  39.369
2112  36.373
2113  44.653
2114  41.614
2115  39.613
2116  44.821
2117  43.041
2118  44.096
2119  40.966
2120  38.028
2121  40.209
2122  41.567
2123  40.995
2124  43.063
2125  40.567
2126  39.921
2127  39.177
2128  42.108
2129  43.157
2130  38.813
2131  44.316
2132  42.390
2133  37.536
2134  42.207
2135  37.496
2136  41.939
2137  41.955
2138  44.091
2139  40.084
2140  36.217
2141  44.763
2142  40.635
2143  40.346
2144  39.138
2145  41.254
2146  40.567
2147  43.450
2148  37.930
2149  37.320
2150  37.412
2151  40.100
2152  39.122
2153  42.957
2154  37.026
2155  42.409
2156  37.571
2157  39.551
2158  42.154
2159  39.654
2160  27.089
2161  41.428
2162  38.954
2163  43.515
2164  39.469
2165  38.582
2166  37.060
2167  35.993
2168  35.212
2169  44.270
2170  38.594
2171  43.838
2172  39.268
2173  41.870
2174  35.883
2175  38.940
2176  35.861
2177  39.865
2178  39.234
2179  40.947
2180  37.630
2181  42.487
2182  40.071
2183  35.153
2184  41.136
2185  38.792
2186  43.734
2187  42.846
2188  41.560
2189  42.115
2190  41.971
2191  37.533
2192  38.466
2193  41.844
2194  41.256
2195  19.891
2196  36.688
2197  36.101
2198  43.300
2199  37.024
2200  39.183
2201  44.312
2202  16.514
2203  36.825
2204  42.882
2205  39.953
2206  44.406
2207  44.442
2208  35.545
2209  39.107
2210  42.178
2211  35.085
2212  37.437
2213  36.733
2214  43.831
2215  37.958
2216  44.232
2217  37.332
2218  40.482
2219  42.935
2220  38.005
2221  37.993
2222  40.486
2223  41.367
2224  41.316
2225  44.799
2226  41.976
2227  43.421
2228  35.215
2229  40.664
2230  38.409
2231  43.020
2232  38.786
2233  40.798
2234  39.389
2235  37.914
2236  43.974
2237  44.005
2238  40.629
2239  35.622
2240  42.509
2241  43.659
2242  22.782
2243  36.928
2244  37.724
2245  39.860
2246  41.389
2247  36.079
2248  41.831
2249  43.525
2250  35.143
2251  41.848
2252  35.995
2253  35.038
2254  42.316
2255  38.142
2256  37.755
2257  44.354
2258  38.510
2259  39.978
2260  41.473
2261  43.054
2262  41.679
2263  43.375
2264  40.237
2265  43.529
2266  43.016
2267  37.819
2268  44.097
2269  41.059
2270  38.263
2271  39.244
2272  44.056
2273  37.319
2274  41.069
2275  35.047
2276  37.873
2277  40.783
2278  41.796
2279  36.631
2280  36.583
2281  43.200
2282  42.796
2283  40.609
2284  36.804
2285  39.800
2286  36.935
2287  38.421
2288  40.170
2289  40.035
2290  36.766
2291  40.862
2292  42.368
2293  43.514
2294  43.989
2295  42.833
2296  39.322
2297  40.543
2298  41.276
2299  38.740
2300  42.151
2301  38.484
2302  40.994
2303  40.869
2304  40.108
2305  41.581
2306  33.680
2307  44.634
2308  39.721
2309  38.821
2310  43.433
2311  35.124
2312  36.537
2313  37.563
2314  40.429
2315  44.657
2316  38.288
2317  36.002
2318  42.597
2319  37.015
2320  40.691
2321  39.369
2322  38.445
2323  39.020
2324  42.721
2325  41.533
2326  35.095
2327  42.128
2328  43.991
2329  39.673
2330  41.909
2331  39.627
2332  44.898
2333  42.903
2334  36.272
2335  43.811
2336  41.849
2337  44.246
2338  40.585
2339  36.721
2340  41.220
2341  43.930
2342  41.138
2343  44.787
2344  36.296
2345  42.408
2346  36.750
2347  39.794
2348  38.663
2349  36.019
2350  35.777
2351  36.087
2352  39.476
2353  20.476
2354  31.101
2355  41.391
2356  40.997
2357  35.537
2358  44.606
2359  42.896
2360  37.692
2361  35.194
2362  27.840
2363  41.389
2364  40.108
2365  44.062
2366  39.727
2367  43.252
2368  38.204
2369  36.886
2370  43.604
2371  39.450
2372  41.651
2373  37.915
2374  44.446
2375  39.092
2376  40.094
2377  38.483
2378  35.357
2379  41.304
2380  40.361
2381  43.758
2382  43.013
2383  40.317
2384  40.793
2385  38.302
2386  36.553
2387  38.193
2388  35.913
2389  42.022
2390  35.177
2391  41.955
2392  39.096
2393  44.204
2394  38.202
2395  35.656
2396  40.986
2397  39.864
2398  43.456
2399  41.180
2400  35.680
2401  43.467
2402  35.729
2403  42.293
2404  39.613
2405  37.368
2406  42.472
2407  36.964
2408  38.313
2409  43.330
2410  43.640
2411  38.440
2412  36.378
2413  38.260
2414  43.752
2415  40.313
2416  35.473
2417  44.456
2418  41.143
2419  35.359
2420  41.700
2421  42.154
2422  42.741
2423  44.409
2424  36.965
2425  39.443
2426  35.700
2427  44.945
2428  36.051
2429  44.897
2430  35.122
2431  42.238
2432  42.026
2433  44.894
2434  39.799
2435  38.691
2436  35.692
2437  44.932
2438  36.845
2439  36.604
2440  40.643
2441  41.842
2442  40.068
2443  37.900
2444  42.970
2445  39.569
2446  38.992
2447  38.116
2448  41.798
2449  37.099
2450  35.792
2451  43.862
2452  44.116
2453  39.854
2454  38.180
2455  40.942
2456  36.667
2457  41.798
2458  37.457
2459  43.628
2460  43.590
2461  36.539
2462  39.946
2463  37.794
2464  42.184
2465  40.160
2466  42.848
2467  38.054
2468  37.533
2469  35.703
2470  38.930
2471  41.249
2472  42.712
2473  35.647
2474  35.069
2475  38.014
2476  37.221
2477  42.015
2478  36.390
2479  41.049
2480  36.805
2481  37.426
2482  36.218
2483  43.095
2484  35.079
2485  42.142
2486  35.661
2487  42.092
2488  35.825
2489  44.689
2490  43.152
2491  36.583
2492  36.610
2493  39.454
2494  42.218
2495  44.867
2496  38.350
2497  37.572
2498  42.407
2499  35.695
2500  39.133
2501  44.309
2502  35.000
2503  42.235
2504  44.096
2505  41.943
2506  40.755
2507  41.830
2508  41.692
2509  43.888
2510  38.342
2511  41.101
2512  42.727
2513  37.211
2514  41.633
2515  35.043
2516  38.111
2517  36.861
2518  40.729
2519  41.114
2520  39.453
2521  44.455
2522  40.929
2523  38.309
2524  43.500
2525  41.423
2526  43.268
2527  37.196
2528  35.075
2529  38.258
2530  42.063
2531  42.095
2532  39.736
2533  40.202
2534  39.470
2535  41.855
2536  35.698
2537  42.195
2538  44.489
2539  35.292
2540  36.487
2541  40.756
2542  38.669
2543  43.969
2544  36.006
2545  39.561
2546  41.361
2547  39.517
2548  40.629
2549  44.868
2550  41.532
2551  38.327
2552  40.830
2553  35.303
2554  39.499
2555  41.622
2556  36.760
2557  43.959
2558  43.139
2559  40.830
2560  44.939
2561  44.801
2562  41.477
2563  37.309
2564  38.569
2565  38.602
2566  37.508
2567  37.364
2568  44.690
2569  40.688
2570  41.382
2571  35.166
2572  12.480
2573  35.721
2574  44.422
2575  36.631
2576  39.754
2577  35.235
2578  38.849
2579  39.487
2580  41.266
2581  40.632
2582  36.121
2583  43.322
2584  35.750
2585  41.139
2586  40.763
2587  43.516
2588  37.871
2589  41.036
2590  40.907
2591  35.472
2592  43.192
2593  35.782
2594  36.962
2595  40.253
2596  35.360
2597  43.568
2598  44.859
2599  36.014
2600  44.387
2601  40.719
2602  42.265
2603  38.857
2604  41.415
2605  40.828
2606  37.115
2607  41.022
2608  39.507
2609  42.828
2610  41.719
2611  37.734
2612  35.671
2613  43.251
2614  44.018
2615  36.692
2616  37.395
2617  35.909
2618  42.343
2619  35.710
2620  39.732
2621  36.515
2622  44.155
2623  41.998
2624  36.669
2625  37.792
2626  39.275
2627  44.241
2628  37.491
2629  37.522
2630  40.268
2631  39.938
2632  39.128
2633  40.567
2634  37.578
2635  37.017
2636  36.879
2637  41.261
2638  44.490
2639  35.319
2640  44.908
2641  40.402
2642  38.584
2643  40.224
2644  38.152
2645  44.371
2646  39.479
2647  40.710
2648  41.792
2649  40.413
2650  37.248
2651  37.901
2652  43.474
2653  38.718
2654  37.491
2655  39.218
2656  40.782
2657  40.657
2658  37.767
2659  39.126
2660  37.923
2661  36.332
2662  36.391
2663  39.558
2664  41.572
2665  37.170
2666  41.063
2667  40.313
2668  43.113
2669  35.458
2670  40.924
2671  44.607
2672  38.358
2673  38.583
2674  38.074
2675  40.074
2676  38.715
2677  40.013
2678  40.702
2679  38.453
2680  40.069
2681  37.642
2682  44.152
2683  38.469
2684  38.355
2685  42.500
2686  38.617
2687  40.558
2688  43.998
2689  37.758
2690  36.627
2691  36.347
2692  30.198
2693  38.621
2694  39.050
2695  35.433
2696  40.894
2697  39.193
2698  39.927
2699  43.244
2700  44.861
2701  35.908
2702  35.743
2703  39.264
2704  39.303
2705  39.606
2706  38.026
2707  43.359
2708  35.464
2709  38.938
2710  42.482
2711  40.046
2712  41.708
2713  38.677
2714  42.054
2715  36.715
2716  38.807
2717  38.549
2718  36.725
2719  16.827
2720  43.575
2721  37.917
2722  41.293
2723  35.821
2724  40.278
2725  42.356
2726  42.822
2727  38.729
2728  43.138
2729  40.990
2730  38.656
2731  37.062
2732  35.958
2733  37.449
2734  43.753
2735  39.110
2736  37.985
2737  37.674
2738  43.534
2739  37.968
2740  42.812
2741  37.738
2742  37.738
2743  39.956
2744  42.615
2745  41.320
2746  42.679
2747  36.884
2748  37.690
2749  39.972
2750  39.975
2751  43.407
2752  44.142
2753  35.326
2754  37.454
2755  36.268
2756  40.271
2757  35.719
2758  40.784
2759  44.129
2760  43.277
2761  41.849
2762  43.426
2763  39.930
2764  43.582
2765  44.371
2766  37.413
2767  38.781
2768  41.867
2769  37.811
2770  38.710
2771  37.893
2772  40.445
2773  40.657
2774  44.887
2775  15.206
2776  43.431
2777  37.304
2778  36.606
2779  40.930
2780  44.846
2781  38.966
2782  37.830
2783  24.676
2784  41.175
2785  42.457
2786  41.126
2787  42.963
2788  39.244
2789  39.689
2790  39.344
2791  42.505
2792  42.185
2793  43.031
2794  44.961
2795  36.463
2796  38.686
2797  36.440
2798  37.045
2799  37.848
2800  39.572
2801  37.964
2802  37.893
2803  35.081
2804  36.653
2805  42.742
2806  37.083
2807  37.078
2808  43.936
2809  36.815
2810  38.760
2811  38.172
2812  35.833
2813  43.143
2814  40.087
2815  43.287
2816  39.105
2817  37.540
2818  35.895
2819  38.536
2820  39.469
2821  38.675
2822  37.209
2823  39.019
2824  40.183
2825  44.170
2826  38.919
2827  35.003
2828  26.152
2829  39.317
2830  35.132
2831  43.312
2832  26.124
2833  14.654
2834  40.675
2835  44.503
2836  40.707
2837  43.929
2838  36.571
2839  39.863
2840  37.201
2841  42.572
2842  36.589
2843  42.393
2844  36.313
2845  37.441
2846  35.993
2847  41.246
2848  38.139
2849  39.777
2850  43.051
2851  38.272
2852  41.975
2853  38.199
2854  39.031
2855  37.236
2856  36.592
2857  42.479
2858  37.731
2859  37.512
2860  37.302
2861  42.168
2862  39.396
2863  40.054
2864  42.698
2865  37.110
2866  31.597
2867  39.205
2868  42.999
2869  37.530
2870  42.536
2871  44.044
2872  36.397
2873  44.560
2874  36.932
2875  38.156
2876  37.628
2877  42.970
2878  39.279
2879  38.516
2880  41.702
2881  38.749
2882  35.771
2883  41.782
2884  44.495
2885  36.159
2886  42.078
2887  43.471
2888  39.828
2889  35.369
2890  37.050
2891  36.780
2892  40.157
2893  36.848
2894  38.717
2895  35.189
2896  37.696
2897  41.006
2898  41.800
2899  35.343
2900  39.006
2901  39.990
2902  35.428
2903  37.795
2904  36.312
2905  41.498
2906  43.641
2907  36.528
2908  42.125
2909  36.849
2910  39.124
2911  38.757
2912  44.166
2913  43.906
2914  42.119
2915  43.538
2916  44.826
2917  37.619
2918  39.152
2919  40.968
2920  37.635
2921  35.498
2922  39.953
2923  40.753
2924  40.542
2925  37.247
2926  41.219
2927  39.700
2928  35.380
2929  35.913
2930  40.324
2931  44.211
2932  35.186
2933  39.742
2934  40.975
2935  42.348
2936  35.310
2937  44.116
2938  37.264
2939  40.572
2940  36.898
2941  42.629
2942  43.867
2943  38.639
2944  42.644
2945  39.539
2946  41.318
2947  38.627
2948  36.422
2949  36.990
2950  35.814
2951  42.186
2952  43.566
2953  44.946
2954  41.998
2955  43.798
2956  43.195
2957  44.668
2958  41.500
2959  38.243
2960  44.719
2961  39.854
2962  38.654
2963  36.012
2964  35.860
2965  43.129
2966  44.110
2967  38.669
2968  43.929
2969  36.366
2970  43.664
2971  40.410
2972  42.465
2973  44.109
2974  40.653
2975  41.876
2976  41.258
2977  44.619
2978  35.259
2979  43.376
2980  39.520
2981  43.950
2982  39.170
2983  41.587
2984  36.407
2985  38.895
2986  43.879
2987  43.412
2988  41.540
2989  41.952
2990  42.143
2991  39.167
2992  43.058
2993  35.346
2994  37.788
2995  37.754
2996  31.779
2997  44.323
2998  20.921
2999  37.516
3000  39.107
3001  42.947
3002  40.215
3003  44.044
3004  38.811
3005  38.293
3006  12.113
3007  40.445
3008  41.488
3009  39.328
3010  40.955
3011  44.705
3012  36.380
3013  38.355
3014  38.200
3015  36.540
3016  44.943
3017  42.185
3018  37.086
3019  41.607
3020  23.611
3021  44.940
3022  35.766
3023  44.167
3024  43.794
3025  44.445
3026  44.876
3027  40.732
3028  36.591
3029  14.605
3030  36.531
3031  43.492
3032  41.134
3033  41.594
3034  44.542
3035  39.370
3036  39.950
3037  41.703
3038  35.858
3039  41.018
3040  41.817
3041  42.494
3042  38.342
3043  39.248
3044  36.941
3045  35.593
3046  44.901
3047  43.392
3048  44.816
3049  37.287
3050  37.520
3051  40.150
3052  44.550
3053  41.695
3054  41.841
3055  23.108
3056  40.648
3057  42.368
3058  37.216
3059  40.249
3060  38.190
3061  43.531
3062  38.929
3063  35.884
3064  40.095
3065  38.704
3066  36.006
3067  36.421
3068  43.767
3069  40.984
3070  36.181
3071  41.452
3072  44.078
3073  39.502
3074  33.804
3075  42.524
3076  44.539
3077  38.638
3078  42.262
3079  43.553
3080  35.890
3081  39.580
3082  39.431
3083  43.426
3084  43.073
3085  39.400
3086  26.494
3087  35.592
3088  15.146
3089  35.180
3090  44.007
3091  37.313
3092  43.497
3093  11.945
3094  37.651
3095  44.746
3096  39.225
3097  44.805
3098  37.683
3099  44.010
3100  41.400
3101  42.843
3102  36.770
3103  38.585
3104  11.809
3105  44.769
3106  38.133
3107  43.763
3108  18.314
3109  37.061
3110  35.374
3111  35.260
3112  40.295
3113  37.519
3114  44.211
3115  36.530
3116  39.271
3117  35.156
3118  42.358
3119  38.172
3120  39.793
3121  35.432
3122  36.653
3123  44.605
3124  44.891
3125  42.249
3126  44.893
3127  40.784
3128  42.982
3129  18.029
3130  43.881
3131  39.279
3132  38.829
3133  40.752
3134  39.060
3135  41.491
3136  42.813
3137  37.920
3138  38.891
3139  37.977
3140  43.237
3141  43.178
3142  44.323
3143  42.642
3144  39.775
3145  35.087
3146  43.951
3147  36.766
3148  43.650
3149  43.731
3150  36.474
3151  43.043
3152  39.197
3153  37.625
3154  40.046
3155  39.733
3156  43.603
3157  42.524
3158  19.406
3159  38.214
3160  37.163
3161  43.129
3162  37.801
3163  38.690
3164  35.917
3165  43.021
3166  41.489
3167  27.985
3168  41.203
3169  38.040
3170  39.176
3171  43.931
3172  38.611
3173  40.916
3174  38.296
3175  43.236
3176  43.620
3177  35.971
3178  42.013
3179  42.918
3180  40.271
3181  37.937
3182  36.325
3183  40.653
3184  43.227
3185  37.519
3186  38.784
3187  41.639
3188  44.992
3189  40.314
3190  40.078
3191  41.498
3192  44.427
3193  10.626
3194  39.786
3195  38.543
3196  36.036
3197  38.786
3198  41.471
3199  38.582
3200  10.248
3201  40.934
3202  43.935
3203  41.248
3204  40.336
3205  39.646
3206  39.697
3207  36.251
3208  37.296
3209  40.780
3210  36.545
3211  42.962
3212  36.872
3213  35.327
3214  40.234
3215  39.582
3216  41.555
3217  42.034
3218  41.334
3219  40.340
3220  42.172
3221  44.005
3222  37.289
3223  36.820
3224  43.651
3225  40.690
3226  36.357
3227  38.379
3228  35.687
3229  37.813
3230  40.800
3231  37.288
3232  43.777
3233  41.050
3234  43.431
3235  41.451
3236  37.038
3237  41.858
3238  39.011
3239  36.230
3240  16.768
3241  14.569
3242  37.979
3243  42.444
3244  38.054
3245  37.149
3246  39.473
3247  43.124
3248  35.731
3249  38.170
3250  37.312
3251  36.328
3252  41.378
3253  40.970
3254  35.148
3255  37.946
3256  43.182
3257  44.588
3258  44.023
3259  37.837
3260  38.290
3261  39.357
3262  43.733
3263  38.809
3264  41.074
3265  38.192
3266  43.583
3267  43.251
3268  41.699
3269  38.529
3270  37.907
3271  38.989
3272  39.880
3273  36.802
3274  43.630
3275  36.219
3276  41.330
3277  35.762
3278  43.991
3279  39.031
3280  36.321
3281  38.844
3282  38.161
3283  36.100
3284  37.855
3285  44.141
3286  41.196
3287  43.604
3288  37.318
3289  41.032
3290  37.614
3291  43.594
3292  35.700
3293  40.430
3294  40.394
3295  39.061
3296  39.031
3297  37.746
3298  41.487
3299  41.647
3300  39.330
3301  44.423
3302  36.044
3303  42.083
3304  23.415
3305  40.150
3306  42.471
3307  36.850
3308  39.116
3309  41.858
3310  42.294
3311  41.565
3312  39.249
3313  37.266
3314  40.417
3315  38.176
3316  38.989
3317  39.418
3318  41.537
3319  21.122
3320  35.764
3321  36.397
3322  37.179
3323  40.078
3324  44.439
3325  41.998
3326  38.102
3327  35.930
3328  40.903
3329  41.497
3330  41.421
3331  39.029
3332  44.164
3333  39.640
3334  41.965
3335  39.384
3336  38.030
3337  27.811
3338  44.126
3339  44.068
3340  39.603
3341  44.996
3342  35.619
3343  35.367
3344  35.024
3345  38.722
3346  36.791
3347  39.085
3348  35.353
3349  39.738
3350  39.696
3351  40.270
3352  36.607
3353  40.552
3354  43.590
3355  37.339
3356  35.378
3357  41.265
3358  41.709
3359  43.973
3360  36.376
3361  35.151
3362  43.168
3363  44.777
3364  39.823
3365  36.460
3366  37.170
3367  43.196
3368  38.589
3369  42.349
3370  44.020
3371  43.904
3372  43.298
3373  41.394
3374  42.284
3375  41.466
3376  40.612
3377  40.553
3378  38.423
3379  37.216
3380  39.515
3381  43.496
3382  38.183
3383  37.923
3384  39.062
3385  36.216
3386  44.662
3387  42.841
3388  39.132
3389  43.808
3390  41.068
3391  38.651
3392  27.422
3393  42.648
3394  36.988
3395  44.335
3396  40.234
3397  39.576
3398  44.559
3399  42.789
3400  41.547
3401  37.190
3402  35.054
3403  36.988
3404  43.908
3405  41.864
3406  40.119
3407  38.932
3408  42.078
3409  35.015
3410  43.318
3411  30.073
3412  36.117
3413  42.013
3414  36.554
3415  43.090
3416  37.408
3417  37.638
3418  40.506
3419  38.521
3420  38.127
3421  38.499
3422  38.123
3423  38.690
3424  35.805
3425  35.959
3426  36.675
3427  36.585
3428  43.579
3429  44.540
3430  44.911
3431  43.840
3432  44.539
3433  38.880
3434  40.925
3435  37.842
3436  36.755
3437  44.794
3438  35.121
3439  43.415
3440  42.665
3441  39.810
3442  37.693
3443  39.451
3444  44.451
3445  35.032
3446  38.452
3447  43.495
3448  37.978
3449  35.677
3450  38.025
3451  40.337
3452  39.039
3453  41.750
3454  42.294
3455  42.308
3456  39.583
3457  39.966
3458  40.827
3459  42.196
3460  36.368
3461  35.504
3462  39.834
3463  40.784
3464  37.320
3465  35.940
3466  40.562
3467  42.544
3468  40.910
3469  43.298
3470  39.174
3471  40.728
3472  43.097
3473  41.751
3474  35.570
3475  41.299
3476  44.932
3477  38.659
3478  41.999
3479  39.847
3480  42.633
3481  37.965
3482  39.756
3483  42.764
3484  36.302
3485  39.112
3486  44.217
3487  24.129
3488  44.516
3489  38.150
3490  44.387
3491  41.026
3492  37.919
3493  39.781
3494  38.954
3495  37.999
3496  22.826
3497  38.771
3498  40.052
3499  35.735
3500  39.743
3501  37.439
3502  43.324
3503  39.999
3504  36.093
3505  44.228
3506  38.788
3507  38.691
3508  39.862
3509  43.248
3510  43.213
3511  39.304
3512  36.837
3513  37.701
3514  41.203
3515  43.226
3516  41.925
3517  44.902
3518  38.418
3519  38.511
3520  44.122
3521  42.153
3522  43.425
3523  37.154
3524  38.587
3525  36.381
3526  42.697
3527  37.407
3528  45.000
3529  36.035
3530  41.780
3531  40.732
3532  33.009
3533  37.448
3534  37.907
3535  35.724
3536  39.334
3537  40.691
3538  41.223
3539  37.384
3540  42.169
3541  37.786
3542  39.631
3543  41.423
3544  43.379
3545  37.141
3546  38.809
3547  39.476
3548  19.701
3549  42.217
3550  43.561
3551  42.596
3552  37.173
3553  39.013
3554  43.784
3555  40.955
3556  37.911
3557  44.869
3558  39.338
3559  36.101
3560  41.645
3561  36.942
3562  38.539
3563  37.830
3564  43.575
3565  35.758
3566  35.523
3567  38.190
3568  38.615
3569  35.750
3570  37.214
3571  40.686
3572  41.132
3573  41.818
3574  35.944
3575  44.246
3576  44.535
3577  42.658
3578  42.320
3579  39.680
3580  41.318
3581  38.639
3582  36.318
3583  35.874
3584  44.586
3585  39.498
3586  39.621
3587  39.510
3588  43.647
3589  41.055
3590  36.101
3591  36.219
3592  44.192
3593  36.689
3594  38.383
3595  42.552
3596  38.777
3597  38.727
3598  42.434
3599  36.362
3600  42.194
3601  42.449
3602  44.301
3603  41.147
3604  41.828
3605  38.185
3606  44.842
3607  44.460
3608  41.264
3609  37.995
3610  43.898
3611  41.460
3612  38.025
3613  44.678
3614  38.200
3615  40.853
3616  37.468
3617  36.451
3618  43.243
3619  42.894
3620  36.081
3621  43.433
3622  43.619
3623  36.552
3624  43.787
3625  40.864
3626  39.378
3627  40.750
3628  39.659
3629  37.791
3630  37.961
3631  43.424
3632  35.476
3633  36.054
3634  41.858
3635  38.522
3636  38.821
3637  39.318
3638  44.745
3639  42.140
3640  41.695
3641  43.080
3642  41.869
3643  43.495
3644  39.431
3645  42.858
3646  39.553
3647  44.483
3648  44.490
3649  35.577
3650  44.981
3651  41.199
3652  38.164
3653  38.938
3654  36.007
3655  38.499
3656  38.244
3657  36.863
3658  35.144
3659  42.795
3660  44.906
3661  42.160
3662  42.515
3663  39.238
3664  10.741
3665  41.583
3666  35.097
3667  36.269
3668  39.168
3669  44.767
3670  40.749
3671  41.232
3672  38.876
3673  35.252
3674  36.368
3675  39.526
3676  38.952
3677  43.774
3678  40.372
3679  36.361
3680  43.130
3681  35.584
3682  35.255
3683  40.755
3684  42.838
3685  38.668
3686  38.655
3687  43.274
3688  35.085
3689  36.353
3690  36.858
3691  37.075
3692  36.770
3693  37.797
3694  37.762
3695  35.359
3696  43.511
3697  42.275
3698  44.677
3699  38.288
3700  36.999
3701  36.223
3702  35.578
3703  43.747
3704  40.292
3705  38.495
3706  35.009
3707  42.213
3708  37.323
3709  37.195
3710  35.883
3711  44.371
3712  35.315
3713  39.378
3714  39.474
3715  37.557
3716  44.582
3717  35.643
3718  44.413
3719  37.241
3720  36.140
3721  38.004
3722  43.444
3723  40.240
3724  35.771
3725  35.554
3726  39.840
3727  38.492
3728  37.054
3729  38.672
3730  41.148
3731  41.927
3732  42.925
3733  43.709
3734  43.087
3735  35.196
3736  44.881
3737  38.587
3738  35.262
3739  42.502
3740  44.402
3741  39.544
3742  43.613
3743  39.432
3744  39.110
3745  36.438
3746  38.468
3747  37.129
3748  38.018
3749  35.315
3750  42.257
3751  40.518
3752  42.643
3753  44.356
3754  38.047
3755  37.460
3756  35.010
3757  37.959
3758  38.471
3759  42.905
3760  41.463
3761  40.568
3762  42.147
3763  36.152
3764  38.720
3765  41.302
3766  36.855
3767  39.020
3768  39.137
3769  42.825
3770  43.271
3771  37.976
3772  44.367
3773  39.002
3774  41.821
3775  39.930
3776  43.849
3777  37.954
3778  36.138
3779  40.363
3780  44.442
3781  44.546
3782  35.194
3783  35.041
3784  35.273
3785  41.263
3786  40.582
3787  42.841
3788  43.149
3789  36.271
3790  43.812
3791  41.086
3792  36.848
3793  41.777
3794  36.830
3795  43.863
3796  38.763
3797  38.177
3798  38.734
3799  35.136
3800  40.091
3801  37.450
3802  37.277
3803  37.855
3804  35.343
3805  38.624
3806  42.022
3807  35.766
3808  39.939
3809  38.139
3810  37.599
3811  43.864
3812  44.832
3813  39.087
3814  33.145
3815  35.119
3816  39.327
3817  37.164
3818  36.993
3819  42.165
3820  37.426
3821  36.512
3822  41.232
3823  41.575
3824  35.755
3825  42.822
3826  37.423
3827  35.956
3828  40.993
3829  44.710
3830  43.736
3831  40.569
3832  42.601
3833  44.488
3834  40.727
3835  11.701
3836  37.746
3837  38.452
3838  42.316
3839  42.554
3840  41.231
3841  44.975
3842  38.401
3843  39.650
3844  39.878
3845  42.218
3846  44.321
3847  40.144
3848  41.727
3849  41.940
3850  44.509
3851  41.623
3852  38.991
3853  43.939
3854  37.162
3855  43.683
3856  39.453
3857  39.141
3858  40.176
3859  35.524
3860  41.190
3861  40.360
3862  37.101
3863  38.352
3864  42.724
3865  41.497
3866  36.565
3867  44.860
3868  41.303
3869  39.169
3870  41.480
3871  38.897
3872  44.199
3873  36.941
3874  43.288
3875  36.003
3876  36.980
3877  39.126
3878  39.178
3879  40.897
3880  41.324
3881  40.436
3882  43.698
3883  43.893
3884  38.955
3885  40.707
3886  38.359
3887  17.642
3888  41.973
3889  39.746
3890  43.788
3891  41.669
3892  44.234
3893  43.375
3894  38.251
3895  41.682
3896  35.401
3897  19.264
3898  37.420
3899  43.699
3900  41.859
3901  44.787
3902  39.520
3903  37.836
3904  40.497
3905  44.491
3906  44.412
3907  38.876
3908  43.256
3909  42.468
3910  40.317
3911  35.983
3912  38.936
3913  38.090
3914  42.740
3915  39.240
3916  40.747
3917  38.306
3918  44.025
3919  42.663
3920  42.877
3921  41.999
3922  36.365
3923  35.381
3924  36.549
3925  44.109
3926  41.435
3927  36.704
3928  36.868
3929  36.804
3930  44.585
3931  10.046
3932  35.839
3933  32.506
3934  35.384
3935  18.123
3936  43.573
3937  39.042
3938  39.604
3939  35.178
3940  44.147
3941  38.953
3942  43.652
3943  39.606
3944  42.901
3945  44.286
3946  38.265
3947  39.445
3948  41.686
3949  35.370
3950  36.356
3951  42.009
3952  35.683
3953  37.236
3954  38.534
3955  43.891
3956  42.206
3957  40.223
3958  36.672
3959  40.001
3960  23.757
3961  40.562
3962  35.898
3963  40.864
3964  40.563
3965  41.779
3966  35.309
3967  40.560
3968  35.748
3969  42.709
3970  39.467
3971  36.506
3972  36.703
3973  41.607
3974  38.730
3975  43.373
3976  40.543
3977  42.483
3978  40.435
3979  43.977
3980  37.008
3981  44.152
3982  41.851
3983  40.412
3984  40.991
3985  36.010
3986  39.147
3987  29.276
3988  43.659
3989  42.855
3990  35.301
3991  36.768
3992  43.905
3993  35.579
3994  39.800
3995  43.558
3996  41.885
3997  35.440
3998  42.993
3999  36.094
4000  41.563
4001  37.143
4002  38.706
4003  42.387
4004  41.783
4005  39.160
4006  40.733
4007  42.973
4008  36.149
4009  41.158
4010  37.335
4011  44.365
4012  35.134
4013  35.198
4014  41.638
4015  42.498
4016  44.649
4017  38.397
4018  44.066
4019  35.119
4020  37.102
4021  37.241
4022  42.863
4023  40.615
4024  37.055
4025  37.184
4026  37.705
4027  40.830
4028  41.912
4029  40.107
4030  39.214
4031  38.847
4032  41.126
4033  43.946
4034  37.072
4035  37.217
4036  42.361
4037  40.772
4038  43.518
4039  35.286
4040  38.665
4041  39.022
4042  37.023
4043  39.970
4044  36.479
4045  42.950
4046  44.895
4047  36.303
4048  42.731
4049  38.554
4050  44.924
4051  42.281
4052  40.811
4053  40.780
4054  44.981
4055  42.420
4056  41.469
4057  39.045
4058  36.283
4059  43.050
4060  36.193
4061  35.276
4062  43.196
4063  35.253
4064  40.919
4065  44.438
4066  35.911
4067  36.350
4068  37.253
4069  38.747
4070  40.791
4071  38.125
4072  41.051
4073  43.609
4074  40.844
4075  37.078
4076  35.248
4077  39.108
4078  40.911
4079  39.921
4080  43.110
4081  28.363
4082  40.356
4083  39.355
4084  41.156
4085  37.035
4086  37.571
4087  40.979
4088  40.696
4089  39.923
4090  35.365
4091  35.330
4092  37.967
4093  37.554
4094  42.381
4095  43.770
4096  35.806
4097  39.153
4098  39.487
4099  39.006
4100  41.414
4101  35.098
4102  35.409
4103  43.736
4104  37.522
4105  37.646
4106  44.082
4107  36.399
4108  39.273
4109  42.745
4110  43.234
4111  36.954
4112  40.954
4113  39.903
4114  35.417
4115  37.600
4116  36.960
4117  43.112
4118  41.473
4119  42.883
4120  38.721
4121  42.247
4122  40.746
4123  42.931
4124  40.959
4125  39.677
4126  43.880
4127  40.097
4128  42.887
4129  41.399
4130  42.175
4131  37.820
4132  44.311
4133  42.745
4134  38.040
4135  35.039
4136  40.981
4137  38.301
4138  42.881
4139  40.749
4140  41.981
4141  42.086
4142  41.740
4143  35.165
4144  41.812
4145  39.743
4146  38.635
4147  40.436
4148  40.852
4149  39.008
4150  42.195
4151  43.867
4152  40.683
4153  43.927
4154  38.732
4155  37.023
4156  36.532
4157  35.210
4158  36.758
4159  37.640
4160  43.203
4161  36.978
4162  35.520
4163  42.905
4164  43.961
4165  41.667
4166  38.765
4167  37.944
4168  43.014
4169  39.524
4170  38.175
4171  39.847
4172  39.691
4173  38.768
4174  35.648
4175  37.466
4176  40.528
4177  36.466
4178  44.690
4179  38.224
4180  35.885
4181  43.620
4182  21.434
4183  42.215
4184  39.444
4185  35.892
4186  35.392
4187  37.478
4188  44.169
4189  40.863
4190  35.661
4191  42.700
4192  42.962
4193  40.864
4194  42.385
4195  43.984
4196  39.976
4197  37.271
4198  38.212
4199  42.186
4200  32.935
4201  35.439
4202  43.906
4203  44.436
4204  39.983
4205  19.984
4206  36.879
4207  39.510
4208  41.075
4209  37.106
4210  35.493
4211  38.984
4212  35.841
4213  39.199
4214  35.562
4215  37.521
4216  43.832
4217  35.816
4218  37.556
4219  41.468
4220  35.253
4221  35.835
4222  39.654
4223  40.567
4224  36.516
4225  37.644
4226  42.273
4227  44.390
4228  43.595
4229  40.622
4230  38.624
4231  38.284
4232  36.998
4233  35.357
4234  38.962
4235  39.730
4236  41.029
4237  42.953
4238  39.542
4239  28.664
4240  43.900
4241  40.176
4242  36.590
4243  36.328
4244  44.381
4245  39.060
4246  35.752
4247  44.815
4248  38.123
4249  38.856
4250  42.284
4251  43.386
4252  40.462
4253  42.168
4254  39.044
4255  37.639
4256  42.200
4257  35.560
4258  38.478
4259  37.107
4260  35.502
4261  43.757
4262  38.581
4263  36.471
4264  42.591
4265  39.751
4266  44.063
4267  37.567
4268  40.654
4269  39.034
4270  28.387
4271  44.125
4272  41.827
4273  42.987
4274  41.945
4275  44.582
4276  44.989
4277  39.611
4278  38.833
4279  40.005
4280  36.658
4281  36.605
4282  13.538
4283  35.603
4284  37.861
4285  35.740
4286  42.584
4287  41.914
4288  36.417
4289  39.031
4290  36.078
4291  36.010
4292  36.361
4293  39.068
4294  35.234
4295  39.465
4296  35.543
4297  44.663
4298  43.667
4299  39.314
4300  40.404
4301  40.847
4302  35.754
4303  40.653
4304  38.219
4305  38.814
4306  40.012
4307  42.702
4308  35.244
4309  39.686
4310  40.177
4311  44.636
4312  43.190
4313  42.816
4314  43.296
4315  39.992
4316  41.214
4317  39.972
4318  37.518
4319  35.696
4320  41.414
4321  43.430
4322  43.605
4323  38.297
4324  41.046
4325  36.012
4326  43.534
4327  37.672
4328  37.066
4329  40.028
4330  38.011
4331  38.652
4332  41.829
4333  37.536
4334  40.422
4335  38.257
4336  43.390
4337  44.931
4338  37.813
4339  35.469
4340  38.980
4341  35.176
4342  36.775
4343  44.550
4344  39.635
4345  36.885
4346  35.452
4347  39.333
4348  41.493
4349  35.505
4350  41.356
4351  39.926
4352  35.511
4353  23.600
4354  39.115
4355  35.488
4356  44.727
4357  44.858
4358  42.192
4359  36.467
4360  35.108
4361  36.923
4362  40.262
4363  40.538
4364  40.774
4365  44.967
4366  41.353
4367  37.003
4368  43.587
4369  38.976
4370  36.629
4371  40.164
4372  40.298
4373  44.580
4374  41.172
4375  37.292
4376  37.476
4377  16.926
4378  38.200
4379  38.630
4380  40.055
4381  35.861
4382  35.370
4383  38.977
4384  44.217
4385  39.027
4386  44.309
4387  40.853
4388  40.445
4389  43.566
4390  43.586
4391  42.291
4392  39.815
4393  42.472
4394  42.821
4395  40.982
4396  37.785
4397  36.806
4398  36.890
4399  44.459
4400  35.933
4401  37.667
4402  43.899
4403  38.010
4404  43.854
4405  37.424
4406  39.943
4407  35.240
4408  41.577
4409  40.792
4410  37.554
4411  37.020
4412  43.875
4413  36.684
4414  35.414
4415  44.903
4416  37.839
4417  40.747
4418  35.452
4419  40.955
4420  38.214
4421  37.266
4422  35.377
4423  36.548
4424  37.089
4425  44.529
4426  44.347
4427  40.100
4428  27.041
4429  42.682
4430  36.045
4431  43.063
4432  38.254
4433  36.933
4434  42.156
4435  41.344
4436  36.741
4437  37.217
4438  37.270
4439  37.377
4440  35.642
4441  39.697
4442  40.826
4443  39.397
4444  35.927
4445  36.100
4446  39.365
4447  41.025
4448  40.407
4449  42.437
4450  40.468
4451  40.689
4452  35.598
4453  37.870
4454  35.796
4455  28.588
4456  35.581
4457  43.382
4458  43.948
4459  39.162
4460  44.321
4461  41.757
4462  42.798
4463  36.450
4464  40.555
4465  37.100
4466  41.560
4467  37.588
4468  44.350
4469  37.309
4470  44.495
4471  42.036
4472  36.535
4473  39.717
4474  44.483
4475  36.685
4476  40.733
4477  36.412
4478  44.665
4479  36.695
4480  36.464
4481  35.559
4482  36.619
4483  37.684
4484  44.531
4485  40.269
4486  35.088
4487  36.306
4488  36.259
4489  38.446
4490  40.815
4491  35.459
4492  35.334
4493  40.304
4494  35.718
4495  43.912
4496  36.429
4497  40.094
4498  36.797
4499  39.572
4500  36.127
4501  43.360
4502  37.552
4503  43.831
4504  36.540
4505  40.522
4506  38.727
4507  43.686
4508  38.921
4509  40.201
4510  43.806
4511  43.126
4512  39.766
4513  37.151
4514  44.961
4515  43.645
4516  44.746
4517  40.106
4518  41.248
4519  36.593
4520  40.669
4521  38.336
4522  43.166
4523  40.523
4524  43.367
4525  36.889
4526  43.293
4527  38.239
4528  42.271
4529  43.706
4530  44.691
4531  35.654
4532  44.400
4533  38.818
4534  41.024
4535  40.844
4536  40.203
4537  35.517
4538  41.138
4539  38.249
4540  44.909
4541  35.794
4542  37.926
4543  43.098
4544  40.967
4545  36.154
4546  36.656
4547  35.918
4548  42.614
4549  38.547
4550  38.532
4551  39.212
4552  36.862
4553  40.937
4554  37.210
4555  43.862
4556  42.650
4557  39.258
4558  39.985
4559  39.001
4560  39.788
4561  37.106
4562  40.054
4563  43.420
4564  41.700
4565  41.620
4566  36.190
4567  35.064
4568  37.675
4569  41.146
4570  44.257
4571  36.379
4572  38.042
4573  35.272
4574  44.070
4575  37.160
4576  40.995
4577  37.973
4578  44.754
4579  38.121
4580  39.895
4581  40.151
4582  41.159
4583  37.851
4584  43.623
4585  43.214
4586  43.404
4587  38.495
4588  40.892
4589  35.551
4590  38.371
4591  41.457
4592  37.619
4593  35.670
4594  40.474
4595  37.889
4596  39.679
4597  13.777
4598  43.203
4599  43.728
4600  42.261
4601  38.648
4602  35.950
4603  43.844
4604  44.333
4605  39.123
4606  41.303
4607  37.630
4608  44.117
4609  39.688
4610  44.870
4611  41.841
4612  37.471
4613  33.287
4614  39.139
4615  41.057
4616  35.492
4617  35.797
4618  39.184
4619  38.491
4620  37.059
4621  27.751
4622  43.362
4623  39.520
4624  38.511
4625  40.644
4626  41.426
4627  43.870
4628  35.539
4629  44.483
4630  38.049
4631  42.366
4632  42.939
4633  38.247
4634  44.007
4635  22.541
4636  41.811
4637  44.477
4638  38.248
4639  39.850
4640  30.093
4641  40.483
4642  41.502
4643  39.671
4644  29.590
4645  36.987
4646  36.739
4647  39.138
4648  42.895
4649  43.927
4650  42.170
4651  36.055
4652  40.988
4653  35.106
4654  35.166
4655  35.438
4656  20.759
4657  35.860
4658  44.546
4659  35.006
4660  40.664
4661  40.075
4662  35.823
4663  37.142
4664  41.075
4665  43.420
4666  44.449
4667  37.341
4668  42.408
4669  37.017
4670  42.810
4671  38.500
4672  36.220
4673  37.735
4674  40.579
4675  40.149
4676  42.939
4677  41.106
4678  43.641
4679  35.605
4680  38.345
4681  40.092
4682  40.739
4683  41.314
4684  42.547
4685  37.383
4686  39.965
4687  40.389
4688  38.000
4689  39.464
4690  41.729
4691  41.104
4692  38.408
4693  43.543
4694  38.383
4695  42.070
4696  44.965
4697  39.873
4698  43.491
4699  37.048
4700  41.196
4701  42.117
4702  44.919
4703  44.307
4704  36.662
4705  38.935
4706  37.328
4707  40.572
4708  36.392
4709  30.612
4710  44.094
4711  35.269
4712  37.530
4713  44.289
4714  36.834
4715  42.493
4716  44.141
4717  37.314
4718  35.257
4719  43.612
4720  41.325
4721  33.807
4722  41.595
4723  36.370
4724  37.751
4725  40.717
4726  43.862
4727  44.447
4728  38.000
4729  35.476
4730  12.248
4731  35.230
4732  44.602
4733  44.436
4734  42.881
4735  35.766
4736  40.058
4737  35.288
4738  36.261
4739  43.521
4740  39.938
4741  35.047
4742  37.032
4743  44.424
4744  42.004
4745  43.799
4746  37.188
4747  37.173
4748  44.063
4749  36.065
4750  39.771
4751  40.649
4752  42.960
4753  44.881
4754  43.893
4755  38.428
4756  37.545
4757  44.476
4758  39.558
4759  41.378
4760  36.058
4761  43.525
4762  44.085
4763  44.735
4764  35.799
4765  38.023
4766  39.585
4767  43.454
4768  38.284
4769  36.609
4770  40.458
4771  42.532
4772  37.357
4773  42.317
4774  36.148
4775  37.260
4776  38.306
4777  40.873
4778  42.800
4779  43.916
4780  43.199
4781  36.578
4782  37.520
4783  38.431
4784  35.292
4785  40.391
4786  43.768
4787  36.888
4788  43.859
4789  39.348
4790  35.549
4791  44.267
4792  43.023
4793  41.914
4794  41.234
4795  44.553
4796  37.478
4797  38.564
4798  39.712
4799  36.262
4800  37.594
4801  43.645
4802  35.248
4803  42.912
4804  35.951
4805  39.543
4806  39.436
4807  37.541
4808  40.853
4809  35.872
4810  35.633
4811  37.078
4812  35.513
4813  36.962
4814  39.269
4815  42.030
4816  44.447
4817  44.401
4818  39.047
4819  41.250
4820  44.879
4821  41.491
4822  36.779
4823  39.814
4824  43.650
4825  38.945
4826  38.547
4827  35.766
4828  39.065
4829  42.665
4830  41.586
4831  40.286
4832  36.862
4833  37.399
4834  39.053
4835  41.231
4836  43.410
4837  37.832
4838  36.281
4839  42.163
4840  38.021
4841  37.833
4842  43.084
4843  36.731
4844  40.609
4845  44.569
4846  37.704
4847  38.967
4848  38.539
4849  35.119
4850  39.865
4851  35.721
4852  38.276
4853  42.120
4854  36.489
4855  37.617
4856  37.970
4857  35.330
4858  37.498
4859  40.567
4860  38.797
4861  38.268
4862  37.345
4863  43.924
4864  43.256
4865  43.881
4866  37.154
4867  36.307
4868  39.616
4869  35.551
4870  44.397
4871  39.215
4872  43.687
4873  42.209
4874  42.785
4875  25.967
4876  40.336
4877  40.391
4878  38.761
4879  38.481
4880  43.516
4881  40.351
4882  43.585
4883  40.079
4884  44.075
4885  42.908
4886  39.984
4887  35.635
4888  40.331
4889  38.033
4890  39.361
4891  38.425
4892  42.011
4893  39.529
4894  40.628
4895  35.009
4896  40.163
4897  41.032
4898  44.994
4899  13.972
4900  41.357
4901  20.738
4902  37.239
4903  42.557
4904  35.590
4905  35.183
4906  39.222
4907  43.034
4908  36.273
4909  39.090
4910  43.740
4911  38.243
4912  43.982
4913  43.716
4914  37.200
4915  38.125
4916  39.827
4917  43.193
4918  36.000
4919  37.602
4920  41.420
4921  35.741
4922  36.119
4923  37.542
4924  42.940
4925  38.083
4926  38.395
4927  37.861
4928  40.132
4929  44.032
4930  39.710
4931  43.182
4932  43.304
4933  37.690
4934  40.439
4935  44.670
4936  41.995
4937  35.257
4938  44.469
4939  35.371
4940  43.929
4941  36.993
4942  43.697
4943  30.798
4944  39.769
4945  44.489
4946  40.245
4947  43.111
4948  44.622
4949  40.652
4950  44.323
4951  35.778
4952  37.153
4953  37.951
4954  39.295
4955  35.197
4956  35.079
4957  44.565
4958  42.974
4959  35.896
4960  41.762
4961  44.786
4962  37.783
4963  40.376
4964  35.867
4965  44.261
4966  40.134
4967  44.723
4968  37.439
4969  35.757
4970  42.006
4971  42.329
4972  38.462
4973  36.742
4974  43.804
4975  44.870
4976  39.429
4977  43.671
4978  42.469
4979  37.662
4980  39.917
4981  37.330
4982  40.047
4983  41.795
4984  32.044
4985  36.799
4986  38.636
4987  44.548
4988  39.029
4989  35.550
4990  35.305
4991  42.956
4992  43.546
4993  42.548
4994  38.991
4995  42.111
4996  40.429
4997  41.552
4998  39.667
4999  42.341
5000  42.424
5001  39.310
5002  36.123
5003  41.824
5004  37.198
5005  37.680
5006  38.763
5007  39.478
5008  37.743
5009  37.170
5010  41.383
5011  42.108
5012  42.229
5013  38.721
5014  37.641
5015  36.640
5016  43.236
5017  36.287
5018  35.032
5019  38.041
5020  42.040
5021  43.961
5022  43.275
5023  43.097
5024  38.805
5025  37.118
5026  44.045
5027  38.097
5028  42.837
5029  40.643
5030  35.255
5031  38.956
5032  42.087
5033  43.250
5034  40.867
5035  36.327
5036  37.141
5037  43.869
5038  37.622
5039  43.473
5040  44.553
5041  39.060
5042  40.378
5043  44.249
5044  10.053
5045  10.083
5046  42.962
5047  35.661
5048  41.518
5049  27.246
5050  35.393
5051  43.743
5052  41.182
5053  42.576
5054  38.043
5055  40.833
5056  38.857
5057  38.273
5058  43.137
5059  44.576
5060  42.099
5061  35.382
5062  44.293
5063  42.579
5064  40.706
5065  25.741
5066  41.095
5067  36.893
5068  36.300
5069  37.519
5070  43.122
5071  44.037
5072  39.868
5073  44.672
5074  29.177
5075  40.243
5076  38.649
5077  44.251
5078  41.121
5079  41.617
5080  44.434
5081  42.519
5082  36.022
5083  36.389
5084  44.522
5085  41.181
5086  40.048
5087  38.936
5088  38.858
5089  36.300
5090  35.272
5091  40.615
5092  40.479
5093  39.741
5094  38.179
5095  43.251
5096  40.312
5097  37.038
5098  42.618
5099  43.092
5100  36.917
5101  43.462
5102  35.016
5103  40.785
5104  41.077
5105  44.479
5106  44.821
5107  35.299
5108  44.869
5109  44.210
5110  42.912
5111  41.678
5112  37.790
5113  39.793
5114  43.587
5115  41.871
5116  35.066
5117  36.281
5118  37.718
5119  39.208
5120  14.207
5121  35.496
5122  42.069
5123  22.111
5124  43.829
5125  43.586
5126  39.827
5127  37.848
5128  39.686
5129  36.883
5130  38.613
5131  41.089
5132  42.440
5133  40.707
5134  40.595
5135  41.648
5136  37.947
5137  39.250
5138  37.426
5139  43.273
5140  38.459
5141  39.515
5142  43.423
5143  39.392
5144  44.227
5145  42.014
5146  41.733
5147  40.714
5148  43.403
5149  41.616
5150  44.678
5151  38.033
5152  37.030
5153  38.141
5154  35.894
5155  40.162
5156  38.527
5157  40.028
5158  39.795
5159  37.644
5160  36.372
5161  36.318
5162  43.815
5163  42.845
5164  39.992
5165  37.930
5166  43.153
5167  38.015
5168  39.228
5169  35.912
5170  43.285
5171  37.252
5172  36.636
5173  43.672
5174  42.834
5175  40.646
5176  38.141
5177  36.773
5178  35.718
5179  38.736
5180  14.354
5181  42.469
5182  42.470
5183  37.382
5184  44.455
5185  43.178
5186  41.237
5187  38.838
5188  40.670
5189  39.739
5190  43.494
5191  40.178
5192  36.295
5193  36.128
5194  38.661
5195  44.069
5196  37.345
5197  43.739
5198  44.427
5199  39.892
5200  38.439
5201  44.601
5202  43.904
5203  40.616
5204  36.817
5205  39.744
5206  36.941
5207  37.169
5208  38.410
5209  39.251
5210  44.910
5211  38.722
5212  44.939
5213  44.897
5214  44.360
5215  39.870
5216  40.073
5217  42.941
5218  43.487
5219  42.722
5220  41.327
5221  42.478
5222  38.998
5223  35.923
5224  36.611
5225  41.875
5226  37.050
5227  38.532
5228  39.361
5229  44.381
5230  36.111
5231  39.017
5232  36.675
5233  38.665
5234  42.072
5235  41.428
5236  39.205
5237  39.901
5238  36.929
5239  44.391
5240  36.818
5241  40.994
5242  40.747
5243  38.754
5244  36.189
5245  40.887
5246  38.910
5247  39.953
5248  44.997
5249  32.143
5250  44.162
5251  42.103
5252  40.229
5253  41.393
5254  44.299
5255  36.492
5256  36.480
5257  44.133
5258  44.257
5259  35.749
5260  41.459
5261  37.091
5262  37.638
5263  44.677
5264  44.787
5265  44.004
5266  41.263
5267  37.547
5268  43.378
5269  42.906
5270  42.628
5271  19.506
5272  40.495
5273  40.148
5274  42.407
5275  35.040
5276  35.232
5277  40.470
5278  15.402
5279  38.520
5280  38.243
5281  36.625
5282  36.637
5283  36.078
5284  38.650
5285  35.030
5286  40.655
5287  29.626
5288  38.170
5289  35.624
5290  38.795
5291  40.224
5292  40.283
5293  40.035
5294  40.657
5295  40.823
5296  43.834
5297  44.665
5298  38.571
5299  41.777
5300  44.075
5301  38.537
5302  42.167
5303  39.770
5304  41.130
5305  44.232
5306  17.497
5307  43.951
5308  35.704
5309  43.759
5310  39.030
5311  38.205
5312  35.888
5313  36.930
5314  41.517
5315  36.247
5316  39.412
5317  36.502
5318  38.154
5319  44.207
5320  39.469
5321  36.330
5322  41.145
5323  31.320
5324  43.187
5325  38.047
5326  44.384
5327  41.458
5328  43.548
5329  41.310
5330  44.284
5331  39.798
5332  40.601
5333  42.327
5334  35.720
5335  40.893
5336  42.850
5337  42.968
5338  40.094
5339  41.638
5340  37.595
5341  40.943
5342  37.858
5343  40.024
5344  36.998
5345  41.463
5346  37.067
5347  40.772
5348  37.912
5349  38.193
5350  42.492
5351  44.644
5352  42.150
5353  36.579
5354  44.119
5355  40.251
5356  38.955
5357  36.926
5358  44.207
5359  37.079
5360  43.301
5361  36.533
5362  43.733
5363  41.140
5364  41.643
5365  37.082
5366  39.425
5367  37.911
5368  41.474
5369  41.430
5370  36.235
5371  39.547
5372  40.137
5373  37.931
5374  35.408
5375  12.985
5376  44.680
5377  37.848
5378  36.029
5379  44.738
5380  24.923
5381  41.423
5382  39.236
5383  43.053
5384  40.193
5385  38.030
5386  44.310
5387  40.717
5388  41.577
5389  44.322
5390  41.814
5391  42.990
5392  36.027
5393  42.617
5394  41.827
5395  39.158
5396  39.746
5397  43.501
5398  44.397
5399  43.788
5400  37.306
5401  44.829
5402  42.843
5403  42.083
5404  36.720
5405  38.075
5406  43.794
5407  39.944
5408  40.676
5409  38.878
5410  38.609
5411  35.687
5412  42.088
5413  40.401
5414  42.599
5415  41.529
5416  41.846
5417  42.933
5418  39.137
5419  43.806
5420  36.195
5421  38.656
5422  42.662
5423  41.520
5424  35.022
5425  40.853
5426  40.715
5427  44.818
5428  36.114
5429  39.111
5430  35.319
5431  43.676
5432  33.193
5433  36.255
5434  38.717
5435  37.998
5436  36.795
5437  39.935
5438  35.738
5439  41.764
5440  40.733
5441  38.312
5442  43.642
5443  35.119
5444  40.997
5445  39.412
5446  37.185
5447  36.807
5448  37.213
5449  44.238
5450  25.042
5451  35.347
5452  42.930
5453  35.573
5454  37.630
5455  44.409
5456  38.924
5457  37.142
5458  42.067
5459  37.024
5460  43.740
5461  38.774
5462  35.561
5463  44.176
5464  37.062
5465  39.555
5466  36.755
5467  42.623
5468  35.733
5469  38.959
5470  41.646
5471  37.235
5472  18.560
5473  38.405
5474  35.396
5475  37.074
5476  43.282
5477  43.031
5478  38.838
5479  42.108
5480  41.741
5481  44.696
5482  36.653
5483  40.310
5484  40.499
5485  37.937
5486  39.341
5487  38.029
5488  36.629
5489  37.033
5490  44.266
5491  40.647
5492  41.165
5493  43.860
5494  41.345
5495  40.433
5496  36.366
5497  36.419
5498  35.863
5499  37.565
5500  44.518
5501  44.523
5502  41.990
5503  35.110
5504  42.078
5505  38.648
5506  35.542
5507  38.189
5508  40.109
5509  41.555
5510  42.856
5511  37.387
5512  40.310
5513  35.072
5514  38.115
5515  38.475
5516  43.968
5517  44.938
5518  37.274
5519  44.761
5520  41.796
5521  35.160
5522  43.235
5523  40.519
5524  37.158
5525  43.119
5526  43.218
5527  37.440
5528  39.482
5529  42.578
5530  37.302
5531  36.118
5532  37.951
5533  41.635
5534  43.013
5535  39.849
5536  39.275
5537  44.737
5538  42.010
5539  37.353
5540  41.538
5541  43.964
5542  40.074
5543  42.628
5544  36.659
5545  44.347
5546  38.851
5547  39.756
5548  44.799
5549  15.534
5550  38.051
5551  39.212
5552  43.764
5553  39.820
5554  43.328
5555  44.974
5556  36.395
5557  37.130
5558  42.911
5559  44.224
5560  42.794
5561  35.418
5562  35.165
5563  40.899
5564  35.455
5565  40.970
5566  12.825
5567  38.713
5568  41.077
5569  35.308
5570  44.262
5571  35.151
5572  41.762
5573  35.320
5574  37.576
5575  40.028
5576  39.386
5577  39.178
5578  36.859
5579  39.702
5580  40.240
5581  15.636
5582  39.765
5583  36.918
5584  43.060
5585  37.972
5586  42.243
5587  40.452
5588  44.706
5589  41.957
5590  37.365
5591  40.869
5592  39.160
5593  41.446
5594  44.159
5595  38.724
5596  36.717
5597  35.013
5598  36.018
5599  38.890
5600  43.918
5601  39.062
5602  39.799
5603  44.605
5604  40.266
5605  39.992
5606  40.467
5607  40.447
5608  38.828
5609  42.440
5610  39.315
5611  36.617
5612  39.132
5613  39.818
5614  36.648
5615  41.998
5616  36.003
5617  41.756
5618  43.568
5619  42.796
5620  37.301
5621  43.447
5622  35.456
5623  37.613
5624  38.243
5625  36.608
5626  41.010
5627  43.508
5628  35.284
5629  40.040
5630  37.423
5631  43.459
5632  39.664
5633  44.560
5634  39.332
5635  39.665
5636  36.074
5637  37.676
5638  38.843
5639  44.648
5640  36.296
5641  43.506
5642  41.906
5643  41.147
5644  44.372
5645  44.901
5646  35.582
5647  38.406
5648  37.212
5649  38.311
5650  35.235
5651  38.554
5652  38.325
5653  42.249
5654  44.123
5655  36.855
5656  27.092
5657  38.971
5658  43.787
5659  37.723
5660  44.913
5661  39.235
5662  37.850
5663  39.054
5664  43.054
5665  36.141
5666  38.359
5667  39.244
5668  41.852
5669  38.931
5670  36.819
5671  41.216
5672  42.125
5673  39.867
5674  39.359
5675  39.400
5676  36.115
5677  40.538
5678  39.607
5679  43.831
5680  35.575
5681  44.108
5682  44.018
5683  43.744
5684  40.942
5685  40.382
5686  41.578
5687  44.949
5688  39.893
5689  38.686
5690  36.747
5691  36.123
5692  35.813
5693  43.027
5694  11.054
5695  40.363
5696  43.407
5697  41.262
5698  44.418
5699  35.888
5700  43.737
5701  42.931
5702  35.254
5703  36.242
5704  43.668
5705  42.192
5706  37.509
5707  42.206
5708  39.665
5709  43.517
5710  35.833
5711  40.319
5712  39.631
5713  43.102
5714  43.069
5715  37.168
5716  38.891
5717  38.014
5718  41.767
5719  40.083
5720  43.152
5721  38.027
5722  41.514
5723  39.391
5724  41.630
5725  43.576
5726  39.989
5727  44.080
5728  44.438
5729  36.627
5730  38.718
5731  39.915
5732  43.894
5733  38.209
5734  37.032
5735  44.920
5736  37.728
5737  35.609
5738  14.017
5739  35.739
5740  35.735
5741  16.326
5742  39.208
5743  36.153
5744  36.701
5745  39.146
5746  42.846
5747  43.237
5748  35.801
5749  39.269
5750  36.795
5751  37.658
5752  36.029
5753  37.638
5754  40.571
5755  36.310
5756  36.613
5757  40.304
5758  40.155
5759  35.347
5760  41.489
5761  36.823
5762  44.715
5763  44.731
5764  36.058
5765  43.315
5766  41.330
5767  38.955
5768  43.084
5769  35.836
5770  37.675
5771  40.326
5772  35.157
5773  42.112
5774  41.562
5775  37.770
5776  44.456
5777  39.341
5778  37.142
5779  44.643
5780  39.416
5781  44.885
5782  39.874
5783  38.770
5784  36.837
5785  37.562
5786  42.149
5787  37.028
5788  39.375
5789  36.665
5790  38.503
5791  40.290
5792  43.759
5793  41.686
5794  42.614
5795  35.491
5796  36.570
5797  36.240
5798  42.384
5799  43.528
5800  40.951
5801  36.004
5802  37.321
5803  39.850
5804  39.540
5805  43.323
5806  36.610
5807  28.108
5808  41.578
5809  14.553
5810  38.563
5811  38.534
5812  36.452
5813  41.237
5814  36.798
5815  36.210
5816  43.489
5817  39.254
5818  41.007
5819  41.201
5820  43.721
5821  43.176
5822  35.141
5823  37.561
5824  39.390
5825  38.872
5826  43.813
5827  38.081
5828  13.465
5829  38.698
5830  40.820
5831  37.314
5832  39.940
5833  43.305
5834  44.255
5835  21.513
5836  43.474
5837  38.151
5838  39.858
5839  41.840
5840  37.860
5841  35.360
5842  38.627
5843  35.137
5844  37.970
5845  43.561
5846  36.739
5847  44.613
5848  44.454
5849  44.848
5850  39.652
5851  44.703
5852  44.336
5853  36.792
5854  43.323
5855  42.569
5856  37.760
5857  35.101
5858  43.909
5859  38.480
5860  39.269
5861  37.466
5862  41.751
5863  43.446
5864  42.368
5865  42.180
5866  36.957
5867  36.929
5868  44.012
5869  36.099
5870  41.520
5871  39.527
5872  35.750
5873  19.588
5874  42.957
5875  39.151
5876  44.786
5877  39.878
5878  43.359
5879  44.072
5880  37.824
5881  38.797
5882  36.120
5883  43.546
5884  36.662
5885  36.110
5886  36.298
5887  43.355
5888  37.795
5889  40.443
5890  36.171
5891  39.101
5892  42.130
5893  38.326
5894  37.433
5895  38.853
5896  44.656
5897  40.844
5898  36.087
5899  37.254
5900  42.867
5901  41.639
5902  35.734
5903  37.860
5904  40.485
5905  43.925
5906  44.900
5907  35.034
5908  38.639
5909  37.776
5910  43.271
5911  41.282
5912  38.231
5913  38.316
5914  38.003
5915  41.880
5916  40.023
5917  43.078
5918  44.032
5919  43.252
5920  37.783
5921  42.048
5922  38.081
5923  43.660
5924  38.541
5925  44.832
5926  37.798
5927  36.813
5928  43.730
5929  37.896
5930  36.394
5931  44.308
5932  39.035
5933  40.007
5934  41.491
5935  35.353
5936  43.691
5937  43.090
5938  43.358
5939  41.348
5940  36.116
5941  42.081
5942  35.305
5943  42.853
5944  36.712
5945  35.978
5946  36.982
5947  20.028
5948  44.330
5949  39.046
5950  39.197
5951  41.718
5952  43.604
5953  36.255
5954  37.314
5955  44.982
5956  42.924
5957  42.357
5958  40.492
5959  41.299
5960  39.606
5961  35.672
5962  43.905
5963  35.889
5964  40.758
5965  43.949
5966  38.554
5967  43.296
5968  42.032
5969  35.468
5970  39.183
5971  42.647
5972  37.350
5973  43.554
5974  44.494
5975  40.298
5976  36.232
5977  37.172
5978  40.845
5979  44.264
5980  15.102
5981  43.706
5982  42.959
5983  36.120
5984  40.958
5985  42.700
5986  39.926
5987  40.447
5988  38.670
5989  35.737
5990  37.737
5991  42.254
5992  39.107
5993  38.682
5994  43.667
5995  40.183
5996  42.039
5997  36.841
5998  14.257
5999  40.296
6000  41.492
6001  35.037
6002  39.359
6003  39.697
6004  39.705
6005  38.411
6006  41.438
6007  35.392
6008  42.546
6009  37.822
6010  40.765
6011  40.929
6012  39.805
6013  36.505
6014  36.479
6015  44.424
6016  37.232
6017  43.820
6018  38.303
6019  44.673
6020  39.185
6021  43.809
6022  39.128
6023  36.318
6024  37.236
6025  35.380
6026  38.987
6027  43.239
6028  40.759
6029  35.488
6030  37.562
6031  42.379
6032  37.150
6033  37.289
6034  37.279
6035  36.137
6036  39.178
6037  39.881
6038  35.273
6039  39.532
6040  41.396
6041  40.724
6042  42.354
6043  42.780
6044  38.502
6045  42.416
6046  38.600
6047  41.294
6048  44.475
6049  44.672
6050  39.521
6051  38.701
6052  44.857
6053  35.652
6054  44.015
6055  38.643
6056  41.945
6057  42.024
6058  43.338
6059  38.803
6060  40.334
6061  38.769
6062  41.961
6063  41.490
6064  21.638
6065  41.329
6066  38.353
6067  40.684
6068  18.491
6069  41.724
6070  44.220
6071  37.916
6072  37.538
6073  43.547
6074  37.978
6075  38.397
6076  42.772
6077  38.476
6078  36.808
6079  40.750
6080  36.112
6081  38.132
6082  40.561
6083  42.223
6084  12.001
6085  19.320
6086  38.944
6087  39.302
6088  35.043
6089  35.544
6090  41.180
6091  39.680
6092  39.683
6093  44.985
6094  38.589
6095  43.864
6096  35.717
6097  36.918
6098  38.325
6099  41.279
6100  43.196
6101  39.585
6102  38.776
6103  43.284
6104  38.159
6105  44.732
6106  44.580
6107  44.439
6108  40.196
6109  38.362
6110  39.370
6111  37.101
6112  38.921
6113  26.543
6114  41.139
6115  42.631
6116  35.711
6117  43.861
6118  40.384
6119  36.926
6120  35.719
6121  43.162
6122  38.328
6123  43.891
6124  35.190
6125  38.773
6126  35.098
6127  39.686
6128  44.301
6129  36.414
6130  37.613
6131  38.382
6132  41.441
6133  41.358
6134  44.978
6135  25.858
6136  41.818
6137  44.012
6138  39.644
6139  43.916
6140  42.726
6141  44.871
6142  44.567
6143  39.566
6144  38.880
6145  41.037
6146  38.026
6147  44.374
6148  42.932
6149  40.871
6150  44.961
6151  42.244
6152  43.773
6153  39.132
6154  41.656
6155  42.504
6156  40.880
6157  44.874
6158  35.334
6159  43.121
6160  38.080
6161  35.884
6162  35.936
6163  35.543
6164  16.793
6165  35.717
6166  36.243
6167  35.312
6168  37.777
6169  42.031
6170  43.636
6171  40.720
6172  37.194
6173  35.908
6174  41.842
6175  43.753
6176  38.949
6177  35.323
6178  36.357
6179  37.968
6180  40.118
6181  38.205
6182  44.627
6183  42.342
6184  35.627
6185  35.655
6186  37.180
6187  38.691
6188  44.665
6189  35.894
6190  39.539
6191  37.282
6192  41.525
6193  42.606
6194  36.255
6195  35.140
6196  43.381
6197  43.289
6198  37.384
6199  37.071
6200  36.050
6201  39.069
6202  43.931
6203  36.908
6204  36.796
6205  38.029
6206  40.208
6207  36.748
6208  21.263
6209  36.205
6210  38.526
6211  42.626
6212  44.640
6213  38.772
6214  35.575
6215  37.145
6216  38.523
6217  37.151
6218  36.271
6219  43.930
6220  41.721
6221  40.020
6222  42.290
6223  39.562
6224  40.949
6225  37.502
6226  37.546
6227  41.927
6228  36.150
6229  44.631
6230  44.933
6231  39.368
6232  43.950
6233  43.306
6234  41.161
6235  42.839
6236  44.993
6237  35.633
6238  43.510
6239  38.422
6240  35.724
6241  43.744
6242  43.734
6243  39.539
6244  41.901
6245  18.645
6246  35.846
6247  36.985
6248  37.776
6249  36.775
6250  43.252
6251  37.433
6252  38.231
6253  37.596
6254  43.933
6255  37.517
6256  43.714
6257  35.951
6258  42.946
6259  38.889
6260  37.719
6261  42.235
6262  41.405
6263  44.235
6264  36.235
6265  39.973
6266  35.615
6267  37.330
6268  37.554
6269  37.307
6270  43.756
6271  42.216
6272  42.676
6273  41.799
6274  38.932
6275  39.838
6276  42.025
6277  38.489
6278  42.407
6279  36.640
6280  41.880
6281  44.103
6282  35.628
6283  39.710
6284  43.784
6285  43.735
6286  40.910
6287  12.676
6288  43.893
6289  39.814
6290  44.598
6291  41.630
6292  37.615
6293  39.185
6294  41.266
6295  40.466
6296  35.489
6297  35.130
6298  44.395
6299  36.638
6300  39.377
6301  38.423
6302  44.696
6303  42.126
6304  38.640
6305  38.102
6306  44.366
6307  40.251
6308  38.675
6309  40.848
6310  38.290
6311  41.942
6312  42.166
6313  42.131
6314  43.229
6315  44.113
6316  38.589
6317  38.636
6318  39.914
6319  37.331
6320  44.117
6321  36.627
6322  37.706
6323  43.569
6324  38.179
6325  40.781
6326  40.145
6327  43.120
6328  38.176
6329  35.713
6330  39.237
6331  41.762
6332  40.684
6333  42.487
6334  37.431
6335  35.258
6336  21.525
6337  44.386
6338  40.221
6339  35.985
6340  39.545
6341  43.455
6342  43.511
6343  37.217
6344  41.276
6345  41.952
6346  42.457
6347  35.911
6348  39.258
6349  37.186
6350  43.588
6351  37.059
6352  41.031
6353  35.339
6354  36.195
6355  43.035
6356  43.882
6357  38.576
6358  43.700
6359  39.328
6360  36.415
6361  31.067
6362  36.115
6363  35.993
6364  36.444
6365  39.616
6366  42.043
6367  35.516
6368  35.347
6369  39.769
6370  37.006
6371  44.027
6372  40.624
6373  37.712
6374  35.958
6375  42.283
6376  40.550
6377  37.048
6378  39.266
6379  35.491
6380  44.928
6381  39.566
6382  38.864
6383  35.382
6384  44.230
6385  41.389
6386  40.585
6387  44.861
6388  42.744
6389  37.247
6390  37.675
6391  36.537
6392  39.239
6393  36.621
6394  43.998
6395  44.178
6396  42.200
6397  38.937
6398  37.780
6399  42.435
6400  42.562
6401  33.662
6402  43.214
6403  41.630
6404  40.340
6405  40.664
6406  37.939
6407  35.673
6408  42.319
6409  41.455
6410  43.542
6411  38.810
6412  37.060
6413  41.460
6414  37.865
6415  42.872
6416  28.328
6417  39.383
6418  35.848
6419  40.933
6420  41.650
6421  41.446
6422  41.262
6423  37.247
6424  38.595
6425  41.285
6426  43.229
6427  38.530
6428  40.011
6429  44.069
6430  39.163
6431  43.754
6432  37.016
6433  41.632
6434  37.509
6435  44.679
6436  16.721
6437  36.667
6438  39.071
6439  44.623
6440  16.871
6441  36.788
6442  40.243
6443  35.444
6444  40.337
6445  42.165
6446  42.977
6447  38.644
6448  36.059
6449  39.149
6450  44.188
6451  37.747
6452  44.278
6453  40.998
6454  42.800
6455  43.917
6456  36.669
6457  40.032
6458  44.673
6459  43.535
6460  43.709
6461  36.714
6462  36.437
6463  38.687
6464  42.085
6465  35.065
6466  39.545
6467  43.819
6468  39.051
6469  35.301
6470  41.952
6471  42.163
6472  39.274
6473  37.514
6474  39.813
6475  41.918
6476  41.647
6477  44.083
6478  41.102
6479  41.397
6480  42.854
6481  36.338
6482  41.646
6483  40.579
6484  39.156
6485  44.598
6486  36.620
6487  42.319
6488  41.035
6489  40.190
6490  40.769
6491  39.100
6492  36.906
6493  38.817
6494  38.636
6495  38.919
6496  38.747
6497  35.139
6498  43.638
6499  41.871
6500  36.003
6501  43.731
6502  41.548
6503  35.223
6504  42.861
6505  35.103
6506  40.080
6507  41.863
6508  36.306
6509  42.711
6510  37.966
6511  41.552
6512  35.214
6513  36.646
6514  42.963
6515  39.782
6516  39.439
6517  41.853
6518  36.327